Participant	Stimulus	StimType	StimNum	PostV	PostA	PreV	PreA	t	dt	p
NNTC54	Ne9	Neg	9	8	1	8	2	279	98	1
NNTC54	Ne6	Neg	6	8	1	8	1	308	29	1
NNTC54	Ne4	Neg	4	8	2	8	1	357	49	3
NNTC54	Ne7	Neg	7	7	2	8	2	425	68	4
NNTC54	Ne8	Neg	8	8	3	7	2	455	30	3
NNTC54	Po2	Pos	2	7	4	8	3	528	73	7
NNTC54	Po3	Pos	3	7	2	7	4	554	26	2
NNTC54	Po1	Pos	1	8	3	7	2	632	78	3
NNTC54	Po9	Pos	9	8	3	8	3	659	27	3
NNTC54	Nt1	Neu	1	9	4	8	3	724	65	4
delg70	Po2	Pos	2	14	7	12	6	291	205	1
delg70	Po3	Pos	3	13	5	14	7	591	300	4
delg70	Po9	Pos	9	12	4	13	5	658	67	1
delg70	Po1	Pos	1	8	4	12	4	750	92	4
delg70	Ne6	Neg	6	8	4	8	4	786	36	5
delg70	Ne4	Neg	4	2	4	8	4	853	67	1
delg70	Ne9	Neg	9	6	4	2	4	909	56	4
delg70	Nt1	Neu	1	8	4	6	4	983	74	2
delg70	Ne8	Neg	8	4	4	8	4	1057	74	5
delg70	Ne7	Neg	7	2	4	4	4	1137	80	2
TENH75	Po3	Pos	3	14	5	13	4	585	325	3
TENH75	Ne8	Neg	8	6	4	14	5	794	209	1
TENH75	Po2	Pos	2	13	5	6	4	1042	248	2
TENH75	Po9	Pos	9	10	3	13	5	1164	122	1
TENH75	Ne6	Neg	6	4	2	10	3	1404	240	1
TENH75	Ne9	Neg	9	2	4	4	2	1605	201	1
TENH75	Ne4	Neg	4	2	5	2	4	1690	85	1
TENH75	Ne7	Neg	7	2	4	2	5	1857	167	1
TENH75	Nt1	Neu	1	8	4	2	4	1920	63	2
TENH75	Po1	Pos	1	12	5	8	4	2083	163	6
ukic28	Ne6	Neg	6	7	4	9	4	566	307	1
ukic28	Po1	Pos	1	12	5	7	4	758	192	2
ukic28	Ne9	Neg	9	9	4	12	5	1007	249	1
ukic28	Po9	Pos	9	8	3	9	4	1122	115	1
ukic28	Ne7	Neg	7	7	2	8	3	1216	94	1
ukic28	Po3	Pos	3	11	4	7	2	1520	304	1
ukic28	Nt1	Neu	1	8	2	11	4	1751	231	1
ukic28	Ne8	Neg	8	8	3	8	2	1892	141	2
ukic28	Po2	Pos	2	10	4	8	3	2048	156	1
ukic28	Ne4	Neg	4	6	4	10	4	2372	324	4
ICAC88	Ne6	Neg	6	11	5	10	2	550	291	5
ICAC88	Po1	Pos	1	6	4	11	5	691	141	1
ICAC88	Po3	Pos	3	10	6	6	4	1049	358	6
ICAC88	Ne9	Neg	9	6	6	10	6	1283	234	3
ICAC88	Nt1	Neu	1	11	2	6	6	1375	92	3
ICAC88	Po2	Pos	2	12	3	11	2	1617	242	6
ICAC88	Ne8	Neg	8	6	4	12	3	1813	196	4
ICAC88	Ne4	Neg	4	4	4	6	4	1900	87	4
ICAC88	Po9	Pos	9	12	4	4	4	2040	140	6
ICAC88	Ne7	Neg	7	6	4	12	4	2116	76	4
EEES49	Ne7	Neg	7	5	5	8	4	296	206	1
EEES49	Ne9	Neg	9	5	5	5	5	529	233	1
EEES49	Po9	Pos	9	12	3	5	5	719	190	1
EEES49	Ne8	Neg	8	5	4	12	3	948	229	1
EEES49	Ne6	Neg	6	4	4	5	4	1220	272	1
EEES49	Po3	Pos	3	13	3	4	4	1492	272	1
EEES49	Po2	Pos	2	13	2	13	3	1949	457	1
EEES49	Nt1	Neu	1	8	4	13	2	2375	426	1
EEES49	Po1	Pos	1	11	4	8	4	2512	137	2
EEES49	Ne4	Neg	4	4	5	11	4	2612	100	1
orrd04	Nt1	Neu	1	10	2	5	3	939	424	2
orrd04	Ne7	Neg	7	9	3	10	2	1279	340	2
orrd04	Po9	Pos	9	11	4	9	3	1549	270	2
orrd04	Ne9	Neg	9	7	4	11	4	1894	345	1
orrd04	Po3	Pos	3	11	4	7	4	2577	683	1
orrd04	Ne8	Neg	8	6	4	11	4	3354	777	2
orrd04	Ne4	Neg	4	5	4	6	4	3645	291	2
orrd04	Ne6	Neg	6	8	4	5	4	3984	339	2
orrd04	Po2	Pos	2	12	4	8	4	4274	290	2
orrd04	Po1	Pos	1	11	4	12	4	4482	208	3
LEAV35	Ne8	Neg	8	8	2	8	1	418	96	1
LEAV35	Nt1	Neu	1	8	1	8	2	467	49	1
LEAV35	Ne4	Neg	4	4	3	8	1	594	127	3
LEAV35	Po2	Pos	2	10	2	4	3	645	51	1
LEAV35	Ne7	Neg	7	4	2	10	2	720	75	1
LEAV35	Ne6	Neg	6	5	2	4	2	802	82	1
LEAV35	Po9	Pos	9	12	1	5	2	870	68	3
LEAV35	Po3	Pos	3	9	1	12	1	900	30	1
LEAV35	Po1	Pos	1	10	1	9	1	1010	110	4
LEAV35	Ne9	Neg	9	8	2	10	1	2362	1352	1
INC54	Ne8	Neg	8	7	3	12	5	638	265	5
INC54	Po9	Pos	9	13	5	7	3	880	242	1
INC54	Ne4	Neg	4	3	1	13	5	1148	268	1
INC54	Nt1	Neu	1	8	2	3	1	1449	301	3
INC54	Ne9	Neg	9	11	6	8	2	1748	299	1
INC54	Po2	Pos	2	14	5	11	6	2015	267	6
INC54	Ne7	Neg	7	9	5	14	5	2281	266	2
INC54	Po1	Pos	1	14	6	9	5	2489	208	6
INC54	Po3	Pos	3	14	6	14	6	3313	824	7
INC54	Ne6	Neg	6	8	2	14	6	3691	378	1
harp41	Ne7	Neg	7	11	4	8	3	357	171	2
harp41	Po9	Pos	9	8	3	11	4	570	213	2
harp41	Ne6	Neg	6	5	5	8	3	921	351	2
harp41	Ne4	Neg	4	6	5	5	5	1224	303	2
harp41	Ne9	Neg	9	5	4	6	5	1425	201	2
harp41	Po3	Pos	3	11	5	5	4	1736	311	2
harp41	Po2	Pos	2	11	5	11	5	1902	166	2
harp41	Nt1	Neu	1	8	3	11	5	2001	99	2
harp41	Po1	Pos	1	11	4	8	3	2113	112	4
harp41	Ne8	Neg	8	8	4	11	4	2425	312	2
OICN87	Po9	Pos	9	14	4	12	6	512	226	5
OICN87	Po3	Pos	3	14	3	14	4	846	334	3
OICN87	Ne7	Neg	7	4	4	14	3	1106	260	6
OICN87	Ne6	Neg	6	6	4	4	4	1411	305	1
OICN87	Ne4	Neg	4	6	3	6	4	1589	178	1
OICN87	Po1	Pos	1	12	2	6	3	1754	165	2
OICN87	Po2	Pos	2	12	3	12	2	1995	241	2
OICN87	Nt1	Neu	1	6	4	12	3	2086	91	1
OICN87	Ne9	Neg	9	6	3	6	4	2264	178	1
OICN87	Ne8	Neg	8	6	4	6	3	2455	191	1
ISNJ45	Ne7	Neg	7	5	4	8	4	523	253	2
ISNJ45	Nt1	Neu	1	8	4	5	4	644	121	1
ISNJ45	Po2	Pos	2	12	6	8	4	784	140	3
ISNJ45	Po9	Pos	9	11	5	12	6	947	163	4
ISNJ45	Ne6	Neg	6	2	7	11	5	1021	74	1
ISNJ45	Po1	Pos	1	8	4	2	7	1156	135	1
ISNJ45	Ne8	Neg	8	8	6	8	4	1234	78	3
ISNJ45	Ne4	Neg	4	2	5	8	6	1303	69	1
ISNJ45	Ne9	Neg	9	8	4	2	5	1424	121	1
ISNJ45	Po3	Pos	3	14	7	8	4	1490	66	4
ARES87	Nt1	Neu	1	6	4	9	3	336	150	1
ARES87	Ne8	Neg	8	8	4	6	4	505	169	5
ARES87	Po1	Pos	1	10	4	8	4	607	102	5
ARES87	Ne9	Neg	9	8	4	10	4	793	186	1
ARES87	Ne6	Neg	6	6	4	8	4	915	122	1
ARES87	Ne4	Neg	4	2	4	6	4	1022	107	1
ARES87	Po3	Pos	3	13	3	2	4	1176	154	5
ARES87	Po2	Pos	2	13	3	13	3	1260	84	5
ARES87	Po9	Pos	9	12	4	13	3	1338	78	5
ARES87	Ne7	Neg	7	3	5	12	4	1493	155	1
ouog54	Ne4	Neg	4	5	5	8	4	366	153	2
ouog54	Po9	Pos	9	12	5	5	5	501	135	6
ouog54	Po2	Pos	2	14	2	12	5	657	156	7
ouog54	Ne9	Neg	9	6	5	14	2	819	162	5
ouog54	Ne7	Neg	7	6	5	6	5	953	134	6
ouog54	Po3	Pos	3	12	5	6	5	1169	216	6
ouog54	Ne6	Neg	6	4	6	12	5	1345	176	4
ouog54	Ne8	Neg	8	8	4	4	6	1489	144	4
ouog54	Nt1	Neu	1	6	4	8	4	1623	134	1
ouog54	Po1	Pos	1	11	4	6	4	1753	130	1
rieo92	Ne9	Neg	9	10	4	8	3	121	66	4
rieo92	Po1	Pos	1	8	2	10	4	167	46	1
rieo92	Ne7	Neg	7	8	4	8	2	214	47	3
rieo92	Ne8	Neg	8	7	4	8	4	263	49	4
rieo92	Ne4	Neg	4	6	5	7	4	305	42	4
rieo92	Po9	Pos	9	12	2	6	5	371	66	6
rieo92	Po2	Pos	2	13	1	12	2	445	74	5
rieo92	Ne6	Neg	6	5	5	13	1	496	51	3
rieo92	Nt1	Neu	1	8	1	5	5	527	31	1
rieo92	Po3	Pos	3	13	5	8	1	660	133	4
helg13	Po1	Pos	1	8	5	11	5	113	53	6
helg13	Ne6	Neg	6	4	4	8	5	151	38	3
helg13	Ne8	Neg	8	6	3	4	4	189	38	3
helg13	Po3	Pos	3	12	5	6	3	296	107	3
helg13	Ne4	Neg	4	2	5	12	5	346	50	5
helg13	Po9	Pos	9	10	5	2	5	388	42	3
helg13	Ne7	Neg	7	10	4	10	5	608	220	3
helg13	Po2	Pos	2	11	4	10	4	865	257	3
helg13	Nt1	Neu	1	8	2	11	4	906	41	2
helg13	Ne9	Neg	9	5	5	8	2	972	66	4
aehj84	Po1	Pos	1	9	4	10	4	366	153	4
aehj84	Po9	Pos	9	11	4	9	4	577	211	4
aehj84	Nt1	Neu	1	7	4	11	4	826	249	3
aehj84	Ne6	Neg	6	7	4	7	4	1205	379	5
aehj84	Po2	Pos	2	10	4	7	4	1456	251	4
aehj84	Ne8	Neg	8	6	4	10	4	1697	241	5
aehj84	Ne7	Neg	7	6	5	6	4	1944	247	2
aehj84	Po3	Pos	3	11	3	6	5	2286	342	4
aehj84	Ne4	Neg	4	5	5	11	3	2480	194	4
aehj84	Ne9	Neg	9	6	4	5	5	2784	304	4
ASLW88	Po9	Pos	9	10	4	10	4	373	160	1
ASLW88	Ne4	Neg	4	5	5	10	4	563	190	1
ASLW88	Ne6	Neg	6	2	5	5	5	795	232	3
ASLW88	Ne9	Neg	9	3	3	2	5	993	198	2
ASLW88	Po3	Pos	3	14	5	3	3	1233	240	4
ASLW88	Po1	Pos	1	10	6	14	5	1365	132	5
ASLW88	Ne7	Neg	7	4	3	10	6	1526	161	2
ASLW88	Po2	Pos	2	12	5	4	3	1713	187	3
ASLW88	Ne8	Neg	8	5	5	12	5	1886	173	1
ASLW88	Nt1	Neu	1	4	6	5	5	2111	225	3
ATLM59	Po3	Pos	3	10	1	8	4	1620	291	5
ATLM59	Nt1	Neu	1	8	4	10	1	1797	177	1
ATLM59	Po2	Pos	2	13	1	8	4	2003	206	5
ATLM59	Po9	Pos	9	12	4	13	1	2136	133	3
ATLM59	Ne7	Neg	7	8	4	12	4	2280	144	2
ATLM59	Ne6	Neg	6	8	4	8	4	2466	186	1
ATLM59	Ne8	Neg	8	7	4	8	4	2625	159	6
ATLM59	Po1	Pos	1	14	4	7	4	2725	100	7
ATLM59	Ne4	Neg	4	3	5	14	4	2860	135	3
ATLM59	Ne9	Neg	9	8	4	3	5	3070	210	1
ATOL69	Po1	Pos	1	12	6	14	6	834	287	4
ATOL69	Ne7	Neg	7	4	4	12	6	2905	2071	2
ATOL69	Po3	Pos	3	14	6	4	4	3328	423	4
ATOL69	Ne9	Neg	9	4	5	14	6	3629	301	2
ATOL69	Po2	Pos	2	14	5	4	5	4140	511	4
ATOL69	Ne8	Neg	8	6	3	14	5	4433	293	2
ATOL69	Po9	Pos	9	14	4	6	3	4830	397	3
ATOL69	Ne6	Neg	6	4	3	14	4	5218	388	2
ATOL69	Ne4	Neg	4	3	4	4	3	5476	258	2
ATOL69	Nt1	Neu	1	11	1	3	4	5744	268	2
ATII40	Ne4	Neg	4	4	3	8	1	220	164	3
ATII40	Po9	Pos	9	8	4	4	3	313	93	3
ATII40	Ne8	Neg	8	5	3	8	4	476	163	2
ATII40	Ne9	Neg	9	5	3	5	3	688	212	2
ATII40	Po1	Pos	1	8	2	5	3	780	92	1
ATII40	Nt1	Neu	1	8	1	8	2	818	38	1
ATII40	Po2	Pos	2	12	5	8	1	1009	191	2
ATII40	Ne6	Neg	6	5	3	12	5	1132	123	2
ATII40	Po3	Pos	3	14	5	5	3	1394	262	2
ATII40	Ne7	Neg	7	6	3	14	5	1481	87	2
UDUA22	Nt1	Neu	1	12	1	14	1	584	342	1
UDUA22	Ne4	Neg	4	6	5	12	1	855	271	2
UDUA22	Po1	Pos	1	14	6	6	5	1080	225	7
UDUA22	Ne6	Neg	6	8	1	14	6	1491	411	1
UDUA22	Ne9	Neg	9	8	2	8	1	1772	281	1
UDUA22	Ne8	Neg	8	8	2	8	2	2014	242	1
UDUA22	Po3	Pos	3	12	5	8	2	2405	391	2
UDUA22	Po9	Pos	9	13	5	12	5	2630	225	4
UDUA22	Po2	Pos	2	12	5	13	5	2984	354	4
UDUA22	Ne7	Neg	7	8	2	12	5	3319	335	1
atok85	Po3	Pos	3	8	4	9	5	483	160	2
atok85	Nt1	Neu	1	8	2	8	4	592	109	1
atok85	Po9	Pos	9	11	5	8	2	691	99	5
atok85	Ne9	Neg	9	5	5	11	5	816	125	2
atok85	Po1	Pos	1	9	4	5	5	925	109	7
atok85	Po2	Pos	2	11	4	9	4	1035	110	1
atok85	Ne8	Neg	8	5	5	11	4	1117	82	5
atok85	Ne4	Neg	4	2	7	5	5	1199	82	1
atok85	Ne7	Neg	7	3	5	2	7	1306	107	3
atok85	Ne6	Neg	6	5	4	3	5	1371	65	5
ABOT47	Po3	Pos	3	5	5	6	2	433	244	2
ABOT47	Ne4	Neg	4	5	6	5	5	561	128	1
ABOT47	Po1	Pos	1	10	5	5	6	702	141	1
ABOT47	Nt1	Neu	1	11	3	10	5	858	156	2
ABOT47	Po9	Pos	9	9	4	11	3	979	121	1
ABOT47	Ne8	Neg	8	5	5	9	4	1126	147	1
ABOT47	Ne9	Neg	9	3	6	5	5	1284	158	2
ABOT47	Ne6	Neg	6	6	4	3	6	1545	261	1
ABOT47	Ne7	Neg	7	4	5	6	4	2345	800	1
ABOT47	Po2	Pos	2	11	4	4	5	2609	264	1
LEAY00	Ne9	Neg	9	11	7	7	4	1464	876	4
LEAY00	Ne4	Neg	4	4	5	11	7	2066	602	5
LEAY00	Po3	Pos	3	14	2	4	5	2653	587	5
LEAY00	Ne8	Neg	8	12	5	14	2	3124	471	1
LEAY00	Ne7	Neg	7	2	7	12	5	3507	383	1
LEAY00	Nt1	Neu	1	8	1	2	7	3592	85	1
LEAY00	Po1	Pos	1	14	7	8	1	3829	237	1
LEAY00	Ne6	Neg	6	2	1	14	7	4620	791	1
LEAY00	Po2	Pos	2	12	1	2	1	4913	293	1
LEAY00	Po9	Pos	9	14	5	12	1	5022	109	5
nguf00	Po9	Pos	9	12	5	8	4	490	164	3
nguf00	Po3	Pos	3	8	3	12	5	1168	678	5
nguf00	Ne4	Neg	4	2	5	8	3	1391	223	4
nguf00	Nt1	Neu	1	6	2	2	5	1546	155	1
nguf00	Ne7	Neg	7	3	3	6	2	1770	224	6
nguf00	Po1	Pos	1	8	4	3	3	1996	226	5
nguf00	Ne6	Neg	6	6	5	8	4	2211	215	5
nguf00	Ne9	Neg	9	5	5	6	5	2391	180	5
nguf00	Po2	Pos	2	10	5	5	5	2478	87	5
nguf00	Ne8	Neg	8	10	5	10	5	2563	85	5
EVKZ05	Nt1	Neu	1	4	1	9	3	429	178	1
EVKZ05	Po1	Pos	1	12	5	4	1	607	178	4
EVKZ05	Ne4	Neg	4	2	5	12	5	864	257	3
EVKZ05	Po2	Pos	2	14	3	2	5	1140	276	4
EVKZ05	Po9	Pos	9	12	2	14	3	1332	192	2
EVKZ05	Ne9	Neg	9	4	4	12	2	1591	259	2
EVKZ05	Ne6	Neg	6	8	4	4	4	1883	292	1
EVKZ05	Ne8	Neg	8	8	4	8	4	2083	200	2
EVKZ05	Po3	Pos	3	14	6	8	4	2400	317	5
EVKZ05	Ne7	Neg	7	4	4	14	6	2622	222	2
dred71	Ne6	Neg	6	7	2	12	4	875	396	2
dred71	Po9	Pos	9	13	6	7	2	1074	199	5
dred71	Nt1	Neu	1	11	1	13	6	1307	233	1
dred71	Ne8	Neg	8	9	3	11	1	1503	196	4
dred71	Po1	Pos	1	8	2	9	3	1655	152	3
dred71	Po2	Pos	2	14	6	8	2	2018	363	5
dred71	Po3	Pos	3	14	6	14	6	2214	196	4
dred71	Ne7	Neg	7	4	3	14	6	2360	146	2
dred71	Ne4	Neg	4	2	4	4	3	2554	194	1
dred71	Ne9	Neg	9	6	5	2	4	2728	174	1
IRAU28	Ne4	Neg	4	8	3	8	3	220	50	3
IRAU28	Po2	Pos	2	8	3	8	3	251	31	3
IRAU28	Ne9	Neg	9	8	3	8	3	290	39	3
IRAU28	Po3	Pos	3	8	3	8	3	327	37	3
IRAU28	Po9	Pos	9	8	4	8	3	734	407	5
IRAU28	Ne6	Neg	6	7	4	8	4	838	104	2
IRAU28	Nt1	Neu	1	8	2	7	4	905	67	2
IRAU28	Ne8	Neg	8	8	3	8	2	973	68	1
IRAU28	Ne7	Neg	7	7	2	8	3	1015	42	1
IRAU28	Po1	Pos	1	11	2	7	2	1120	105	3
ASLV41	Po1	Pos	1	3	1	13	6	510	188	1
ASLV41	Po2	Pos	2	14	5	3	1	831	321	1
ASLV41	Ne8	Neg	8	6	4	14	5	1037	206	1
ASLV41	Po3	Pos	3	14	6	6	4	1110	73	1
ASLV41	Nt1	Neu	1	8	1	14	6	1157	47	1
ASLV41	Ne6	Neg	6	12	5	8	1	1206	49	1
ASLV41	Ne9	Neg	9	6	3	12	5	1255	49	1
ASLV41	Ne7	Neg	7	5	3	6	3	1337	82	1
ASLV41	Po9	Pos	9	8	1	5	3	1414	77	1
ASLV41	Ne4	Neg	4	2	5	8	1	1552	138	1
HANK61	Ne6	Neg	6	4	4	10	3	1981	391	1
HANK61	Po2	Pos	2	13	6	4	4	2191	210	1
HANK61	Ne7	Neg	7	2	5	13	6	2332	141	1
HANK61	Nt1	Neu	1	8	4	2	5	2459	127	1
HANK61	Ne4	Neg	4	2	6	8	4	2554	95	1
HANK61	Po9	Pos	9	14	6	2	6	2663	109	1
HANK61	Ne8	Neg	8	5	4	14	6	2760	97	1
HANK61	Ne9	Neg	9	3	5	5	4	3248	488	1
HANK61	Po1	Pos	1	6	4	3	5	4045	797	1
HANK61	Po3	Pos	3	14	6	6	4	4160	115	1
ANRS77	Ne4	Neg	4	3	5	12	2	615	290	5
ANRS77	Po1	Pos	1	13	5	3	5	776	161	7
ANRS77	Ne6	Neg	6	5	6	13	5	1041	265	7
ANRS77	Ne7	Neg	7	3	6	5	6	1330	289	1
ANRS77	Ne9	Neg	9	13	1	3	6	1540	210	1
ANRS77	Nt1	Neu	1	13	1	13	1	1685	145	2
ANRS77	Ne8	Neg	8	5	3	13	1	1882	197	2
ANRS77	Po2	Pos	2	14	2	5	3	2116	234	6
ANRS77	Po9	Pos	9	14	1	14	2	2275	159	1
ANRS77	Po3	Pos	3	14	2	14	1	2493	218	1
ANRH62	Ne6	Neg	6	6	4	12	5	524	223	1
ANRH62	Nt1	Neu	1	8	4	6	4	616	92	1
ANRH62	Ne8	Neg	8	8	4	8	4	928	312	3
ANRH62	Po2	Pos	2	11	4	8	4	1111	183	1
ANRH62	Po9	Pos	9	12	5	11	4	1262	151	4
ANRH62	Ne4	Neg	4	6	4	12	5	1344	82	2
ANRH62	Ne7	Neg	7	6	4	6	4	1444	100	3
ANRH62	Ne9	Neg	9	8	4	6	4	1529	85	2
ANRH62	Po1	Pos	1	8	4	8	4	1602	73	3
ANRH62	Po3	Pos	3	8	4	8	4	1686	84	2
FSHM68	Po9	Pos	9	8	2	10	4	422	221	1
FSHM68	Ne7	Neg	7	6	2	8	2	726	304	1
FSHM68	Ne6	Neg	6	10	2	6	2	1031	305	1
FSHM68	Ne9	Neg	9	8	1	10	2	1287	256	1
FSHM68	Nt1	Neu	1	4	1	8	1	1457	170	1
FSHM68	Po2	Pos	2	10	2	4	1	1691	234	1
FSHM68	Po1	Pos	1	10	3	10	2	1869	178	1
FSHM68	Ne8	Neg	8	6	1	10	3	2485	616	1
FSHM68	Ne4	Neg	4	4	4	6	1	2657	172	1
FSHM68	Po3	Pos	3	10	2	4	4	2935	278	1
IHRM64	Nt1	Neu	1	5	5	6	4	501	219	1
IHRM64	Ne7	Neg	7	5	3	5	5	747	246	5
IHRM64	Po1	Pos	1	12	5	5	3	922	175	6
IHRM64	Po3	Pos	3	10	4	12	5	1391	469	4
IHRM64	Po2	Pos	2	12	4	10	4	1634	243	2
IHRM64	Ne4	Neg	4	5	4	12	4	1773	139	1
IHRM64	Ne9	Neg	9	6	3	5	4	2018	245	1
IHRM64	Ne6	Neg	6	6	4	6	3	2240	222	1
IHRM64	Ne8	Neg	8	6	5	6	4	2355	115	6
IHRM64	Po9	Pos	9	10	4	6	5	2511	156	1
ARTV58	Ne8	Neg	8	6	5	13	3	849	290	1
ARTV58	Po2	Pos	2	14	3	6	5	1084	235	6
ARTV58	Ne7	Neg	7	4	4	14	3	1256	172	1
ARTV58	Ne6	Neg	6	8	2	4	4	1462	206	1
ARTV58	Po9	Pos	9	14	2	8	2	1663	201	6
ARTV58	Nt1	Neu	1	8	4	14	2	1756	93	1
ARTV58	Po1	Pos	1	8	1	8	4	1959	203	7
ARTV58	Ne9	Neg	9	8	4	8	1	2238	279	1
ARTV58	Po3	Pos	3	14	1	8	4	2359	121	4
ARTV58	Ne4	Neg	4	2	5	14	1	2568	209	1
AREI20	Ne9	Neg	9	3	1	11	5	469	225	1
AREI20	Nt1	Neu	1	2	1	3	1	660	191	1
AREI20	Ne4	Neg	4	2	7	2	1	861	201	7
AREI20	Ne6	Neg	6	3	5	2	7	1082	221	1
AREI20	Ne7	Neg	7	2	5	3	5	1580	498	2
AREI20	Po2	Pos	2	13	6	2	5	1771	191	6
AREI20	Po1	Pos	1	14	5	13	6	1899	128	6
AREI20	Ne8	Neg	8	8	2	14	5	2082	183	5
AREI20	Po3	Pos	3	9	4	8	2	2142	60	4
AREI20	Po9	Pos	9	14	6	9	4	2580	438	6
IAHJ80	Ne6	Neg	6	9	4	8	2	1487	1175	1
IAHJ80	Po2	Pos	2	11	2	9	4	1775	288	1
IAHJ80	Po3	Pos	3	5	2	11	2	2036	261	1
IAHJ80	Po9	Pos	9	13	2	5	2	2267	231	1
IAHJ80	Ne9	Neg	9	8	3	13	2	2722	455	1
IAHJ80	Nt1	Neu	1	8	1	8	3	2828	106	1
IAHJ80	Ne4	Neg	4	8	2	8	1	4200	1372	1
IAHJ80	Ne7	Neg	7	7	2	8	2	4636	436	1
IAHJ80	Ne8	Neg	8	8	1	7	2	5029	393	1
IAHJ80	Po1	Pos	1	8	1	8	1	5192	163	1
ISRB75	Po2	Pos	2	9	6	12	5	309	166	4
ISRB75	Po9	Pos	9	11	3	9	6	421	112	1
ISRB75	Ne9	Neg	9	5	3	11	3	615	194	1
ISRB75	Ne4	Neg	4	4	5	5	3	766	151	7
ISRB75	Ne8	Neg	8	8	4	4	5	873	107	1
ISRB75	Po3	Pos	3	6	5	8	4	1151	278	1
ISRB75	Po1	Pos	1	10	2	6	5	1255	104	2
ISRB75	Ne7	Neg	7	6	2	10	2	1425	170	1
ISRB75	Ne6	Neg	6	6	3	6	2	1627	202	1
ISRB75	Nt1	Neu	1	8	4	6	3	1806	179	1
usgy00	Po1	Pos	1	8	2	7	4	418	137	1
usgy00	Ne8	Neg	8	8	2	8	2	648	230	5
usgy00	Po3	Pos	3	8	4	8	2	934	286	1
usgy00	Po2	Pos	2	8	4	8	4	1207	273	4
usgy00	Ne6	Neg	6	4	4	8	4	1575	368	3
usgy00	Po9	Pos	9	13	5	4	4	1736	161	7
usgy00	Nt1	Neu	1	12	5	13	5	1919	183	5
usgy00	Ne7	Neg	7	6	3	12	5	2119	200	6
usgy00	Ne9	Neg	9	7	4	6	3	2411	292	1
usgy00	Ne4	Neg	4	5	3	7	4	2580	169	1
arov55	Po1	Pos	1	6	4	10	4	324	138	1
arov55	Ne4	Neg	4	4	4	6	4	459	135	2
arov55	Po9	Pos	9	8	4	4	4	539	80	1
arov55	Ne9	Neg	9	6	4	8	4	654	115	1
arov55	Po2	Pos	2	11	2	6	4	759	105	1
arov55	Po3	Pos	3	12	2	11	2	1026	267	1
arov55	Ne8	Neg	8	6	3	12	2	1101	75	1
arov55	Nt1	Neu	1	8	4	6	3	1165	64	1
arov55	Ne6	Neg	6	4	4	8	4	1280	115	1
arov55	Ne7	Neg	7	4	4	4	4	1368	88	3
ETII72	Ne6	Neg	6	11	3	8	1	816	413	1
ETII72	Po2	Pos	2	14	5	11	3	1145	329	3
ETII72	Ne4	Neg	4	4	4	14	5	1511	366	3
ETII72	Po1	Pos	1	13	5	4	4	1775	264	5
ETII72	Ne7	Neg	7	4	4	13	5	2067	292	1
ETII72	Po9	Pos	9	11	3	4	4	2353	286	1
ETII72	Ne9	Neg	9	10	4	11	3	2665	312	1
ETII72	Po3	Pos	3	14	4	10	4	3099	434	1
ETII72	Nt1	Neu	1	11	1	14	4	3486	387	2
ETII72	Ne8	Neg	8	12	5	11	1	3759	273	1
LIMS84	Ne7	Neg	7	9	4	9	4	135	49	4
LIMS84	Ne6	Neg	6	7	2	9	4	306	171	5
LIMS84	Nt1	Neu	1	13	1	7	2	526	220	7
LIMS84	Ne9	Neg	9	11	3	13	1	732	206	4
LIMS84	Po3	Pos	3	10	3	11	3	1028	296	4
LIMS84	Po9	Pos	9	10	1	10	3	1076	48	6
LIMS84	Po2	Pos	2	10	3	10	1	1338	262	4
LIMS84	Ne8	Neg	8	9	4	10	3	1527	189	4
LIMS84	Po1	Pos	1	13	1	9	4	1667	140	7
LIMS84	Ne4	Neg	4	14	3	13	1	1854	187	7
TERW46	Ne9	Neg	9	4	6	10	4	190	91	2
TERW46	Ne6	Neg	6	5	4	4	6	269	79	1
TERW46	Ne7	Neg	7	3	6	5	4	366	97	3
TERW46	Po9	Pos	9	14	6	3	6	418	52	4
TERW46	Po1	Pos	1	14	5	14	6	527	109	6
TERW46	Ne4	Neg	4	2	6	14	5	699	172	5
TERW46	Po2	Pos	2	12	3	2	6	956	257	2
TERW46	Nt1	Neu	1	8	2	12	3	1114	158	1
TERW46	Ne8	Neg	8	5	4	8	2	1193	79	1
TERW46	Po3	Pos	3	10	2	5	4	1313	120	1
UEXL26	Po1	Pos	1	8	5	11	6	397	240	1
UEXL26	Po9	Pos	9	12	1	8	5	631	234	4
UEXL26	Ne6	Neg	6	6	1	12	1	761	130	1
UEXL26	Ne7	Neg	7	8	1	6	1	944	183	1
UEXL26	Ne4	Neg	4	10	5	8	1	1078	134	5
UEXL26	Po3	Pos	3	8	1	10	5	1222	144	1
UEXL26	Po2	Pos	2	8	1	8	1	1285	63	1
UEXL26	Ne8	Neg	8	8	1	8	1	1332	47	1
UEXL26	Nt1	Neu	1	11	5	8	1	1412	80	3
UEXL26	Ne9	Neg	9	5	1	11	5	1527	115	1
nnee16	Ne7	Neg	7	8	4	5	4	139	55	4
nnee16	Ne6	Neg	6	8	4	8	4	374	235	4
nnee16	Ne8	Neg	8	6	3	8	4	576	202	4
nnee16	Po2	Pos	2	6	4	6	3	653	77	1
nnee16	Ne4	Neg	4	5	5	6	4	778	125	6
nnee16	Po1	Pos	1	12	4	5	5	943	165	4
nnee16	Po3	Pos	3	5	4	12	4	1040	97	1
nnee16	Nt1	Neu	1	13	4	5	4	1088	48	6
nnee16	Po9	Pos	9	8	4	13	4	1130	42	1
nnee16	Ne9	Neg	9	5	4	8	4	1250	120	1
LIRS54	Po2	Pos	2	8	4	7	2	406	202	1
LIRS54	Nt1	Neu	1	12	1	8	4	503	97	1
LIRS54	Ne7	Neg	7	3	4	12	1	678	175	1
LIRS54	Po3	Pos	3	11	3	3	4	929	251	1
LIRS54	Ne8	Neg	8	13	7	11	3	1114	185	1
LIRS54	Po9	Pos	9	8	1	13	7	1212	98	1
LIRS54	Ne6	Neg	6	4	4	8	1	1684	472	1
LIRS54	Ne4	Neg	4	4	5	4	4	1853	169	1
LIRS54	Po1	Pos	1	14	6	4	5	2000	147	5
LIRS54	Ne9	Neg	9	2	5	14	6	2217	217	1
anae33	Ne4	Neg	4	4	2	6	1	1136	650	6
anae33	Ne7	Neg	7	11	3	4	2	1423	287	1
anae33	Nt1	Neu	1	12	1	11	3	1760	337	1
anae33	Po3	Pos	3	13	5	12	1	2129	369	1
anae33	Ne8	Neg	8	6	5	13	5	2451	322	4
anae33	Po1	Pos	1	11	2	6	5	2786	335	1
anae33	Po2	Pos	2	5	5	11	2	3259	473	1
anae33	Ne9	Neg	9	6	1	5	5	3506	247	1
anae33	Po9	Pos	9	12	5	6	1	3840	334	5
anae33	Ne6	Neg	6	5	3	12	5	4286	446	1
LIHJ43	Ne4	Neg	4	3	5	9	4	360	228	1
LIHJ43	Nt1	Neu	1	12	1	3	5	417	57	5
LIHJ43	Po9	Pos	9	9	3	12	1	466	49	2
LIHJ43	Po2	Pos	2	12	6	9	3	543	77	2
LIHJ43	Ne8	Neg	8	7	3	12	6	660	117	1
LIHJ43	Po1	Pos	1	11	5	7	3	750	90	3
LIHJ43	Ne7	Neg	7	2	6	11	5	958	208	1
LIHJ43	Po3	Pos	3	13	6	2	6	1047	89	3
LIHJ43	Ne6	Neg	6	6	5	13	6	1096	49	1
LIHJ43	Ne9	Neg	9	5	4	6	5	1330	234	1
EILW86	Po8	Pos	8	13	5	11	4	443	205	6
EILW86	Po6	Pos	6	8	3	13	5	623	180	1
EILW86	Ne2	Neg	2	5	4	8	3	872	249	1
EILW86	Ne5	Neg	5	3	6	5	4	1207	335	5
EILW86	Po7	Pos	7	14	1	3	6	1334	127	5
EILW86	Ne1	Neg	1	6	4	14	1	1514	180	6
EILW86	Nt2	Neu	2	8	4	6	4	1616	102	1
EILW86	Po5	Pos	5	12	4	8	4	1777	161	5
EILW86	Po4	Pos	4	8	4	12	4	1967	190	3
EILW86	Ne3	Neg	3	6	5	8	4	2172	205	2
evaf62	Ne2	Neg	2	7	5	14	3	475	274	7
evaf62	Po8	Pos	8	12	2	7	5	664	189	1
evaf62	Nt2	Neu	2	7	5	12	2	767	103	6
evaf62	Ne3	Neg	3	3	6	7	5	830	63	6
evaf62	Ne5	Neg	5	4	5	3	6	930	100	7
evaf62	Po7	Pos	7	14	1	4	5	998	68	1
evaf62	Po5	Pos	5	12	1	14	1	1044	46	1
evaf62	Po4	Pos	4	14	1	12	1	1145	101	1
evaf62	Ne1	Neg	1	2	7	14	1	1399	254	7
evaf62	Po6	Pos	6	9	2	2	7	1539	140	1
lref15	Ne3	Neg	3	6	3	6	2	714	264	1
lref15	Ne1	Neg	1	4	4	6	3	947	233	2
lref15	Po5	Pos	5	13	4	4	4	1198	251	3
lref15	Po7	Pos	7	7	3	13	4	1391	193	3
lref15	Po8	Pos	8	11	2	7	3	1655	264	3
lref15	Nt2	Neu	2	8	1	11	2	1844	189	1
lref15	Po6	Pos	6	11	2	8	1	2063	219	2
lref15	Ne5	Neg	5	5	2	11	2	2303	240	1
lref15	Po4	Pos	4	8	2	5	2	2484	181	1
lref15	Ne2	Neg	2	8	2	8	2	2675	191	1
atwl55	Ne5	Neg	5	3	5	8	2	510	223	5
atwl55	Ne1	Neg	1	8	5	3	5	678	168	5
atwl55	Nt2	Neu	2	8	4	8	5	843	165	2
atwl55	Po4	Pos	4	12	2	8	4	1017	174	3
atwl55	Ne2	Neg	2	6	4	12	2	1307	290	3
atwl55	Po7	Pos	7	11	4	6	4	1455	148	2
atwl55	Po5	Pos	5	10	4	11	4	1619	164	2
atwl55	Po8	Pos	8	10	4	10	4	1803	184	3
atwl55	Po6	Pos	6	9	4	10	4	1938	135	3
atwl55	Ne3	Neg	3	7	4	9	4	2105	167	1
ERCV82	Ne1	Neg	1	6	5	9	5	539	291	5
ERCV82	Po4	Pos	4	8	3	6	5	1023	484	2
ERCV82	Po6	Pos	6	10	4	8	3	1271	248	3
ERCV82	Po5	Pos	5	8	3	10	4	1523	252	1
ERCV82	Nt2	Neu	2	7	2	8	3	1633	110	1
ERCV82	Ne3	Neg	3	6	4	7	2	1917	284	1
ERCV82	Ne5	Neg	5	4	5	6	4	2277	360	5
ERCV82	Po8	Pos	8	10	5	4	5	2650	373	2
ERCV82	Po7	Pos	7	11	4	10	5	3021	371	3
ERCV82	Ne2	Neg	2	8	4	11	4	3245	224	1
NDCJ5	Nt2	Neu	2	10	2	10	6	621	243	2
NDCJ5	Ne5	Neg	5	12	7	10	2	919	298	7
NDCJ5	Ne2	Neg	2	13	6	12	7	1196	277	5
NDCJ5	Po6	Pos	6	14	6	13	6	1411	215	7
NDCJ5	Ne1	Neg	1	14	7	14	6	1629	218	4
NDCJ5	Po4	Pos	4	14	6	14	7	1824	195	2
NDCJ5	Ne3	Neg	3	12	3	14	6	2021	197	2
NDCJ5	Po5	Pos	5	12	5	12	3	2202	181	4
NDCJ5	Po8	Pos	8	13	4	12	5	2396	194	3
NDCJ5	Po7	Pos	7	13	5	13	4	2558	162	4
ETOL88	Po8	Pos	8	11	3	10	3	502	264	1
ETOL88	Ne1	Neg	1	10	2	11	3	673	171	1
ETOL88	Nt2	Neu	2	10	2	10	2	823	150	1
ETOL88	Po6	Pos	6	10	2	10	2	972	149	1
ETOL88	Po5	Pos	5	10	3	10	2	1134	162	2
ETOL88	Ne5	Neg	5	8	2	10	3	1327	193	1
ETOL88	Po7	Pos	7	10	2	8	2	1410	83	1
ETOL88	Ne2	Neg	2	10	2	10	2	1625	215	1
ETOL88	Po4	Pos	4	10	2	10	2	1752	127	1
ETOL88	Ne3	Neg	3	11	2	10	2	1900	148	1
atgy54	Po8	Pos	8	9	2	11	4	467	294	4
atgy54	Ne1	Neg	1	6	4	9	2	736	269	5
atgy54	Ne3	Neg	3	6	4	6	4	954	218	3
atgy54	Po5	Pos	5	11	4	6	4	1111	157	3
atgy54	Po7	Pos	7	11	4	11	4	1176	65	3
atgy54	Nt2	Neu	2	8	3	11	4	1213	37	2
atgy54	Ne2	Neg	2	7	4	8	3	1255	42	3
atgy54	Po4	Pos	4	14	5	7	4	1314	59	4
atgy54	Po6	Pos	6	6	4	14	5	1371	57	2
atgy54	Ne5	Neg	5	4	5	6	4	1430	59	2
LEEA34	Po5	Pos	5	13	2	10	3	704	309	3
LEEA34	Ne1	Neg	1	6	6	13	2	980	276	5
LEEA34	Po8	Pos	8	14	4	6	6	1353	373	2
LEEA34	Po7	Pos	7	14	5	14	4	1583	230	6
LEEA34	Ne3	Neg	3	7	3	14	5	1860	277	4
LEEA34	Po4	Pos	4	13	5	7	3	2114	254	5
LEEA34	Nt2	Neu	2	10	3	13	5	2360	246	1
LEEA34	Ne2	Neg	2	7	4	10	3	2718	358	1
LEEA34	Ne5	Neg	5	3	4	7	4	2987	269	2
LEEA34	Po6	Pos	6	14	4	3	4	3396	409	5
RILG55	Ne2	Neg	2	8	5	7	3	657	358	7
RILG55	Ne5	Neg	5	2	3	8	5	879	222	6
RILG55	Po4	Pos	4	13	5	2	3	1104	225	5
RILG55	Ne3	Neg	3	8	3	13	5	1298	194	1
RILG55	Nt2	Neu	2	8	1	8	3	1358	60	1
RILG55	Po6	Pos	6	8	5	8	1	1512	154	7
RILG55	Ne1	Neg	1	4	3	8	5	1662	150	7
RILG55	Po8	Pos	8	8	1	4	3	1769	107	1
RILG55	Po5	Pos	5	8	1	8	1	1897	128	1
RILG55	Po7	Pos	7	14	5	8	1	2056	159	1
ONIC20	Ne5	Neg	5	5	4	9	4	427	182	2
ONIC20	Ne3	Neg	3	6	3	5	4	580	153	2
ONIC20	Po7	Pos	7	11	4	6	3	703	123	3
ONIC20	Ne1	Neg	1	7	4	11	4	796	93	1
ONIC20	Po5	Pos	5	11	5	7	4	945	149	3
ONIC20	Po4	Pos	4	8	4	11	5	1340	395	2
ONIC20	Ne2	Neg	2	5	5	8	4	1477	137	2
ONIC20	Po6	Pos	6	9	4	5	5	1530	53	3
ONIC20	Po8	Pos	8	8	4	9	4	1561	31	2
ONIC20	Nt2	Neu	2	8	4	8	4	1625	64	1
ehrm78	Ne2	Neg	2	7	3	11	2	903	416	2
ehrm78	Po8	Pos	8	12	4	7	3	1342	439	2
ehrm78	Po5	Pos	5	12	5	12	4	1573	231	2
ehrm78	Ne5	Neg	5	5	4	12	5	1860	287	1
ehrm78	Po6	Pos	6	12	4	5	4	2093	233	6
ehrm78	Nt2	Neu	2	4	1	12	4	2176	83	1
ehrm78	Po4	Pos	4	8	4	4	1	2495	319	2
ehrm78	Po7	Pos	7	11	5	8	4	2617	122	3
ehrm78	Ne3	Neg	3	5	5	11	5	2724	107	2
ehrm78	Ne1	Neg	1	6	5	5	5	2981	257	2
LERL62	Po7	Pos	7	9	3	10	4	657	212	1
LERL62	Po5	Pos	5	9	5	9	3	888	231	1
LERL62	Po8	Pos	8	9	5	9	5	1161	273	1
LERL62	Ne1	Neg	1	6	5	9	5	1366	205	1
LERL62	Po4	Pos	4	9	5	6	5	1554	188	1
LERL62	Ne2	Neg	2	8	4	9	5	1920	366	1
LERL62	Po6	Pos	6	9	4	8	4	2014	94	1
LERL62	Nt2	Neu	2	9	4	9	4	2061	47	1
LERL62	Ne3	Neg	3	9	4	9	4	2115	54	1
LERL62	Ne5	Neg	5	8	5	9	4	2220	105	2
iumd60	Po8	Pos	8	10	2	11	3	636	452	3
iumd60	Po6	Pos	6	9	2	10	2	766	130	4
iumd60	Ne3	Neg	3	4	4	9	2	884	118	5
iumd60	Nt2	Neu	2	8	1	4	4	931	47	1
iumd60	Po5	Pos	5	13	2	8	1	1039	108	5
iumd60	Ne5	Neg	5	2	2	13	2	1190	151	3
iumd60	Po4	Pos	4	14	3	2	2	1420	230	3
iumd60	Ne2	Neg	2	6	2	14	3	1545	125	1
iumd60	Ne1	Neg	1	4	5	6	2	1664	119	6
iumd60	Po7	Pos	7	13	5	4	5	1779	115	4
ATKN66	Po8	Pos	8	8	5	8	4	3991	338	4
ATKN66	Po5	Pos	5	9	4	8	5	4178	187	3
ATKN66	Ne3	Neg	3	11	5	9	4	4356	178	6
ATKN66	Po6	Pos	6	7	3	11	5	4615	259	6
ATKN66	Nt2	Neu	2	11	4	7	3	4788	173	5
ATKN66	Ne1	Neg	1	11	6	11	4	5017	229	7
ATKN66	Ne5	Neg	5	9	5	11	6	5244	227	5
ATKN66	Po4	Pos	4	11	5	9	5	5425	181	5
ATKN66	Ne2	Neg	2	6	5	11	5	5711	286	6
ATKN66	Po7	Pos	7	9	4	6	5	5868	157	4
ATLM20	Ne2	Neg	2	6	5	10	5	729	457	3
ATLM20	Ne5	Neg	5	2	6	6	5	1021	292	7
ATLM20	Ne3	Neg	3	4	5	2	6	1273	252	2
ATLM20	Po5	Pos	5	13	5	4	5	1485	212	1
ATLM20	Ne1	Neg	1	2	6	13	5	1711	226	1
ATLM20	Po4	Pos	4	14	1	2	6	1911	200	7
ATLM20	Po8	Pos	8	13	1	14	1	2168	257	2
ATLM20	Nt2	Neu	2	10	4	13	1	2239	71	1
ATLM20	Po6	Pos	6	14	6	10	4	2397	158	5
ATLM20	Po7	Pos	7	14	6	14	6	2525	128	5
ANTO43	Po5	Pos	5	13	3	8	1	407	204	3
ANTO43	Ne5	Neg	5	5	6	13	3	628	221	6
ANTO43	Po7	Pos	7	13	6	5	6	757	129	2
ANTO43	Ne3	Neg	3	8	2	13	6	947	190	2
ANTO43	Po4	Pos	4	13	7	8	2	1106	159	2
ANTO43	Po6	Pos	6	12	6	13	7	1296	190	2
ANTO43	Po8	Pos	8	14	7	12	6	1476	180	2
ANTO43	Nt2	Neu	2	11	1	14	7	1757	281	2
ANTO43	Ne1	Neg	1	3	6	11	1	2759	1002	1
ANTO43	Ne2	Neg	2	5	5	3	6	3611	852	2
OAEA86	Ne3	Neg	3	7	5	11	2	277	122	2
OAEA86	Po8	Pos	8	4	5	7	5	343	66	1
OAEA86	Po7	Pos	7	8	3	4	5	420	77	2
OAEA86	Ne1	Neg	1	8	5	8	3	557	137	1
OAEA86	Po5	Pos	5	7	3	8	5	624	67	2
OAEA86	Nt2	Neu	2	11	2	7	3	704	80	2
OAEA86	Ne5	Neg	5	3	5	11	2	768	64	1
OAEA86	Po6	Pos	6	10	4	3	5	860	92	2
OAEA86	Po4	Pos	4	7	2	10	4	916	56	1
OAEA86	Ne2	Neg	2	7	2	7	2	1013	97	1
saaf24	Po6	Pos	6	13	6	12	5	484	232	6
saaf24	Ne3	Neg	3	6	3	13	6	596	112	2
saaf24	Ne5	Neg	5	8	3	6	3	1482	886	7
saaf24	Po8	Pos	8	14	6	8	3	3440	1958	5
saaf24	Ne2	Neg	2	7	1	14	6	3758	318	1
saaf24	Nt2	Neu	2	12	1	7	1	3832	74	1
saaf24	Po4	Pos	4	14	2	12	1	4192	360	2
saaf24	Ne1	Neg	1	10	6	14	2	4400	208	7
saaf24	Po7	Pos	7	14	3	10	6	4672	272	5
saaf24	Po5	Pos	5	14	3	14	3	5040	368	3
NEBL32	Nt2	Neu	2	10	5	9	4	116	36	2
NEBL32	Ne3	Neg	3	3	5	10	5	223	107	2
NEBL32	Po4	Pos	4	11	5	3	5	263	40	2
NEBL32	Ne1	Neg	1	4	5	11	5	305	42	4
NEBL32	Po8	Pos	8	11	5	4	5	502	197	2
NEBL32	Po5	Pos	5	11	3	11	5	543	41	3
NEBL32	Po7	Pos	7	9	5	11	3	590	47	2
NEBL32	Ne5	Neg	5	4	5	9	5	963	373	1
NEBL32	Ne2	Neg	2	7	5	4	5	1351	388	6
NEBL32	Po6	Pos	6	10	4	7	5	1436	85	1
udas25	Nt2	Neu	2	7	3	8	2	380	206	1
udas25	Ne2	Neg	2	5	3	7	3	593	213	1
udas25	Po8	Pos	8	8	4	5	3	733	140	1
udas25	Po6	Pos	6	12	2	8	4	849	116	1
udas25	Po7	Pos	7	7	3	12	2	956	107	3
udas25	Ne1	Neg	1	4	5	7	3	1081	125	4
udas25	Ne5	Neg	5	5	3	4	5	1207	126	1
udas25	Po5	Pos	5	5	3	5	3	1315	108	1
udas25	Po4	Pos	4	7	2	5	3	1411	96	1
udas25	Ne3	Neg	3	10	2	7	2	1558	147	4
INDA67	Nt2	Neu	2	11	2	9	3	651	272	1
INDA67	Ne1	Neg	1	12	5	11	2	915	264	6
INDA67	Po5	Pos	5	9	1	12	5	1149	234	1
INDA67	Po6	Pos	6	9	1	9	1	1427	278	1
INDA67	Ne3	Neg	3	8	2	9	1	1692	265	1
INDA67	Po8	Pos	8	8	2	8	2	1958	266	1
INDA67	Ne5	Neg	5	6	3	8	2	2187	229	1
INDA67	Po4	Pos	4	8	1	6	3	2382	195	1
INDA67	Po7	Pos	7	9	2	8	1	2537	155	1
INDA67	Ne2	Neg	2	6	3	9	2	2816	279	1
ENCM14	Ne2	Neg	2	4	5	6	5	2924	688	1
ENCM14	Nt2	Neu	2	10	5	4	5	3346	422	5
ENCM14	Ne3	Neg	3	2	3	10	5	3618	272	4
ENCM14	Ne5	Neg	5	2	4	2	3	4288	670	5
ENCM14	Po8	Pos	8	14	4	2	4	4552	264	5
ENCM14	Po4	Pos	4	14	2	14	4	4798	246	4
ENCM14	Ne1	Neg	1	2	4	14	2	5052	254	1
ENCM14	Po5	Pos	5	12	3	2	4	5248	196	1
ENCM14	Po6	Pos	6	10	3	12	3	5646	398	2
ENCM14	Po7	Pos	7	12	5	10	3	5894	248	1
ETLH29	Ne3	Neg	3	8	4	5	5	338	144	2
ETLH29	Po4	Pos	4	11	5	8	4	515	177	1
ETLH29	Ne5	Neg	5	2	3	11	5	632	117	6
ETLH29	Nt2	Neu	2	8	4	2	3	773	141	2
ETLH29	Ne1	Neg	1	8	6	8	4	921	148	6
ETLH29	Po5	Pos	5	10	4	8	6	1047	126	2
ETLH29	Ne2	Neg	2	5	4	10	4	1114	67	2
ETLH29	Po7	Pos	7	12	4	5	4	1236	122	3
ETLH29	Po6	Pos	6	8	4	12	4	1370	134	3
ETLH29	Po8	Pos	8	9	4	8	4	1463	93	5
NSDF63	Ne5	Neg	5	4	4	8	2	596	274	2
NSDF63	Po6	Pos	6	8	4	4	4	851	255	1
NSDF63	Po8	Pos	8	12	2	8	4	1027	176	2
NSDF63	Nt2	Neu	2	8	1	12	2	1183	156	1
NSDF63	Po4	Pos	4	14	4	8	1	1337	154	2
NSDF63	Ne3	Neg	3	4	4	14	4	1422	85	1
NSDF63	Po7	Pos	7	12	2	4	4	1502	80	3
NSDF63	Ne1	Neg	1	2	6	12	2	1572	70	1
NSDF63	Po5	Pos	5	14	2	2	6	1621	49	3
NSDF63	Ne2	Neg	2	7	2	14	2	1675	54	1
olil99	Po7	Pos	7	13	6	10	2	1574	407	2
olil99	Po8	Pos	8	12	1	13	6	2061	487	1
olil99	Po6	Pos	6	9	4	12	1	2458	397	5
olil99	Po4	Pos	4	11	1	9	4	2908	450	1
olil99	Ne3	Neg	3	8	4	11	1	3245	337	1
olil99	Ne1	Neg	1	6	5	8	4	3612	367	1
olil99	Po5	Pos	5	12	5	6	5	3920	308	1
olil99	Ne2	Neg	2	7	4	12	5	4342	422	1
olil99	Nt2	Neu	2	8	4	7	4	4532	190	1
olil99	Ne5	Neg	5	2	5	8	4	4994	462	5
abes40	Po6	Pos	6	6	5	6	4	2234	251	3
abes40	Po7	Pos	7	13	7	6	5	2422	188	2
abes40	Po8	Pos	8	10	7	13	7	2667	245	2
abes40	Po4	Pos	4	14	7	10	7	2849	182	2
abes40	Ne5	Neg	5	2	4	14	7	3093	244	2
abes40	Ne3	Neg	3	4	4	2	4	3296	203	2
abes40	Po5	Pos	5	14	6	4	4	3497	201	2
abes40	Ne2	Neg	2	6	4	14	6	3983	486	2
abes40	Ne1	Neg	1	3	4	6	4	4376	393	2
abes40	Nt2	Neu	2	8	4	3	4	4641	265	2
arma73	Ne1	Neg	1	4	4	8	3	511	263	5
arma73	Ne2	Neg	2	8	3	4	4	862	351	1
arma73	Po8	Pos	8	8	2	8	3	1152	290	1
arma73	Po6	Pos	6	8	3	8	2	1405	253	1
arma73	Po7	Pos	7	6	2	8	3	1636	231	1
arma73	Ne3	Neg	3	6	4	6	2	1883	247	2
arma73	Po5	Pos	5	8	2	6	4	2115	232	1
arma73	Ne5	Neg	5	4	4	8	2	2406	291	4
arma73	Nt2	Neu	2	8	2	4	4	2622	216	1
arma73	Po4	Pos	4	8	2	8	2	2876	254	1
icab65	Po4	Pos	4	12	5	8	3	345	139	4
icab65	Po7	Pos	7	7	2	12	5	455	110	1
icab65	Ne5	Neg	5	3	6	7	2	672	217	7
icab65	Ne1	Neg	1	2	7	3	6	799	127	7
icab65	Ne2	Neg	2	4	1	2	7	996	197	1
icab65	Ne3	Neg	3	5	1	4	1	1136	140	2
icab65	Po6	Pos	6	11	2	5	1	1299	163	5
icab65	Po8	Pos	8	13	6	11	2	1483	184	7
icab65	Nt2	Neu	2	8	1	13	6	1584	101	1
icab65	Po5	Pos	5	12	5	8	1	1758	174	2
heib19	Po5	Pos	5	8	4	13	5	539	285	1
heib19	Po8	Pos	8	10	4	8	4	892	353	2
heib19	Nt2	Neu	2	7	5	10	4	1160	268	1
heib19	Po7	Pos	7	10	4	7	5	1370	210	1
heib19	Po4	Pos	4	13	5	10	4	1628	258	1
heib19	Po6	Pos	6	10	4	13	5	2010	382	1
heib19	Ne5	Neg	5	2	5	10	4	2296	286	4
heib19	Ne1	Neg	1	4	5	2	5	2579	283	6
heib19	Ne3	Neg	3	6	5	4	5	2844	265	1
heib19	Ne2	Neg	2	7	4	6	5	3294	450	1
UZRS53	Po6	Pos	6	4	4	8	4	772	397	1
UZRS53	Po8	Pos	8	2	4	4	4	1077	305	1
UZRS53	Ne1	Neg	1	6	4	2	4	1314	237	1
UZRS53	Ne5	Neg	5	2	4	6	4	1597	283	1
UZRS53	Po7	Pos	7	4	4	2	4	1918	321	1
UZRS53	Ne3	Neg	3	3	4	4	4	1989	71	1
UZRS53	Po5	Pos	5	2	4	3	4	2041	52	1
UZRS53	Nt2	Neu	2	4	4	2	4	2090	49	1
UZRS53	Po4	Pos	4	2	4	4	4	2135	45	1
UZRS53	Ne2	Neg	2	2	4	2	4	2195	60	1
IRVL00	Ne5	Neg	5	3	5	12	5	952	215	5
IRVL00	Ne3	Neg	3	8	6	3	5	1386	434	5
IRVL00	Po6	Pos	6	12	4	8	6	1669	283	5
IRVL00	Ne2	Neg	2	7	6	12	4	1932	263	5
IRVL00	Ne1	Neg	1	8	7	7	6	2126	194	6
IRVL00	Nt2	Neu	2	8	4	8	7	2389	263	1
IRVL00	Po5	Pos	5	13	2	8	4	2513	124	5
IRVL00	Po7	Pos	7	13	5	13	2	2722	209	5
IRVL00	Po4	Pos	4	14	2	13	5	2891	169	4
IRVL00	Po8	Pos	8	14	2	14	2	3325	434	6
LEEG39	Ne1	Neg	1	4	4	10	2	928	391	3
LEEG39	Po8	Pos	8	11	1	4	4	1425	497	3
LEEG39	Po5	Pos	5	10	3	11	1	1899	474	1
LEEG39	Ne5	Neg	5	4	3	10	3	2248	349	1
LEEG39	Ne3	Neg	3	6	2	4	3	2567	319	1
LEEG39	Ne2	Neg	2	7	1	6	2	3065	498	2
LEEG39	Po7	Pos	7	12	3	7	1	3377	312	2
LEEG39	Po6	Pos	6	10	1	12	3	4211	834	1
LEEG39	Nt2	Neu	2	8	2	10	1	4589	378	1
LEEG39	Po4	Pos	4	11	2	8	2	5013	424	2
OLGA20	Ne5	Neg	5	8	2	10	5	717	217	1
OLGA20	Po7	Pos	7	12	1	8	2	948	231	2
OLGA20	Ne2	Neg	2	7	2	12	1	1066	118	1
OLGA20	Po4	Pos	4	14	5	7	2	1202	136	6
OLGA20	Po6	Pos	6	8	4	14	5	1375	173	5
OLGA20	Ne3	Neg	3	4	4	8	4	1505	130	2
OLGA20	Nt2	Neu	2	8	4	4	4	1597	92	6
OLGA20	Ne1	Neg	1	6	4	8	4	1709	112	2
OLGA20	Po8	Pos	8	8	2	6	4	1891	182	2
OLGA20	Po5	Pos	5	8	2	8	2	2035	144	2
haap77	Nt2	Neu	2	12	2	14	2	502	256	2
haap77	Po8	Pos	8	11	4	12	2	757	255	1
haap77	Po4	Pos	4	12	4	11	4	943	186	4
haap77	Po7	Pos	7	11	4	12	4	1120	177	2
haap77	Po5	Pos	5	11	3	11	4	1238	118	1
haap77	Ne1	Neg	1	6	4	11	3	1350	112	2
haap77	Ne3	Neg	3	6	4	6	4	1487	137	2
haap77	Po6	Pos	6	11	4	6	4	1597	110	4
haap77	Ne2	Neg	2	10	3	11	4	1679	82	1
haap77	Ne5	Neg	5	5	4	10	3	1795	116	4
IJNJ02	Po6	Pos	6	12	4	10	2	377	209	3
IJNJ02	Nt2	Neu	2	8	2	12	4	536	159	1
IJNJ02	Po8	Pos	8	10	2	8	2	806	270	1
IJNJ02	Ne2	Neg	2	4	2	10	2	1065	259	1
IJNJ02	Ne1	Neg	1	11	6	4	2	1279	214	4
IJNJ02	Ne5	Neg	5	3	6	11	6	1504	225	5
IJNJ02	Po4	Pos	4	14	5	3	6	1679	175	2
IJNJ02	Ne3	Neg	3	4	4	14	5	1891	212	1
IJNJ02	Po7	Pos	7	12	5	4	4	2055	164	2
IJNJ02	Po5	Pos	5	12	5	12	5	2293	238	1
ARUP36	Nt2	Neu	2	10	7	13	5	527	241	2
ARUP36	Ne2	Neg	2	4	4	10	7	877	350	1
ARUP36	Po4	Pos	4	14	1	4	4	1094	217	4
ARUP36	Ne1	Neg	1	4	6	14	1	1324	230	4
ARUP36	Ne3	Neg	3	5	4	4	6	1522	198	1
ARUP36	Po7	Pos	7	14	1	5	4	1688	166	6
ARUP36	Po5	Pos	5	11	4	14	1	1928	240	1
ARUP36	Ne5	Neg	5	4	4	11	4	2156	228	1
ARUP36	Po8	Pos	8	14	5	4	4	2380	224	5
ARUP36	Po6	Pos	6	14	5	14	5	2603	223	7
MIAD35	Po8	Pos	8	11	2	9	3	784	352	1
MIAD35	Po6	Pos	6	11	2	11	2	1107	323	1
MIAD35	Po5	Pos	5	12	2	11	2	1356	249	1
MIAD35	Ne1	Neg	1	4	5	12	2	1596	240	2
MIAD35	Nt2	Neu	2	8	3	4	5	1883	287	1
MIAD35	Ne2	Neg	2	4	3	8	3	2059	176	1
MIAD35	Ne3	Neg	3	4	4	4	3	2259	200	1
MIAD35	Po7	Pos	7	8	3	4	4	2322	63	1
MIAD35	Po4	Pos	4	10	2	8	3	2371	49	1
MIAD35	Ne5	Neg	5	4	3	10	2	2432	61	1
EMMR58	Po8	Pos	8	8	4	7	4	459	98	1
EMMR58	Ne5	Neg	5	6	4	8	4	544	85	2
EMMR58	Ne2	Neg	2	8	4	6	4	618	74	2
EMMR58	Ne1	Neg	1	8	4	8	4	703	85	3
EMMR58	Po7	Pos	7	8	4	8	4	786	83	1
EMMR58	Ne3	Neg	3	8	4	8	4	899	113	1
EMMR58	Nt2	Neu	2	8	4	8	4	1036	137	1
EMMR58	Po6	Pos	6	8	4	8	4	1123	87	1
EMMR58	Po5	Pos	5	8	4	8	4	1172	49	1
EMMR58	Po4	Pos	4	8	4	8	4	1243	71	1
OAAS52	Po6	Pos	6	7	4	8	4	710	380	1
OAAS52	Po8	Pos	8	9	3	7	4	1121	411	1
OAAS52	Ne5	Neg	5	4	4	9	3	1382	261	1
OAAS52	Po7	Pos	7	11	4	4	4	1734	352	1
OAAS52	Po4	Pos	4	11	2	11	4	2014	280	1
OAAS52	Nt2	Neu	2	6	4	11	2	2209	195	1
OAAS52	Ne3	Neg	3	5	4	6	4	2354	145	1
OAAS52	Po5	Pos	5	11	3	5	4	2550	196	1
OAAS52	Ne1	Neg	1	6	4	11	3	2772	222	1
OAAS52	Ne2	Neg	2	6	4	6	4	3052	280	1
leni39	Ne1	Neg	1	2	4	5	6	476	236	1
leni39	Ne2	Neg	2	8	1	2	4	1167	691	1
leni39	Nt2	Neu	2	11	1	8	1	1360	193	1
leni39	Po8	Pos	8	12	4	11	1	1674	314	3
leni39	Po4	Pos	4	13	1	12	4	1913	239	1
leni39	Ne5	Neg	5	2	6	13	1	2197	284	6
leni39	Po7	Pos	7	14	1	2	6	2426	229	2
leni39	Po5	Pos	5	12	1	14	1	2609	183	2
leni39	Ne3	Neg	3	8	4	12	1	2740	131	1
leni39	Po6	Pos	6	12	1	8	4	2979	239	2
P04	Pos2	Pos	2	11	1	11	4	179.048	179.048	1
P04	Neg4	Neg	4	4	4	11	1	328.328	149.28	4
P04	Neg1	Neg	1	4	5	4	4	485.396	157.068	4
P04	Pos4	Pos	4	13	1	4	5	623.448	138.052	2
P04	Pos3	Pos	3	12	2	13	1	852.06	228.612	2
P04	Neg5	Neg	5	2	4	12	2	1034.368	182.308	1
P04	Neu1	Neu	1	8	4	2	4	1179.908	145.54	1
P05	Neu1	Neu	1	8	3	12	6	243.28	243.28	2
P05	Neg4	Neg	4	2	6	8	3	449.008	205.728	4
P05	Pos2	Pos	2	13	6	2	6	655.104	206.096	5
P05	Pos4	Pos	4	14	1	13	6	820.316	165.212	4
P05	Pos3	Pos	3	14	5	14	1	1080.744	260.428	4
P05	Neg1	Neg	1	4	6	14	5	1284.084	203.34	6
P05	Neg5	Neg	5	2	6	4	6	1509.596	225.512	6
P06	Neg5	Neg	5	2	5	9	5	183.448	183.448	4
P06	Pos4	Pos	4	12	5	2	5	318.748	135.3	3
P06	Pos2	Pos	2	14	7	12	5	494.356	175.608	6
P06	Neg1	Neg	1	4	7	14	7	637.496	143.14	5
P06	Neg4	Neg	4	4	5	4	7	770.672	133.176	3
P06	Neu1	Neu	1	8	3	4	5	901.988	131.316	1
P06	Pos3	Pos	3	14	7	8	3	1096.132	194.144	5
P07	Neu1	Neu	1	9	2	10	5	241.9832	241.9832	3
P07	Pos3	Pos	3	13	6	9	2	615.0787	373.0955	4
P07	Pos2	Pos	2	11	3	13	6	849.5743	234.4955	3
P07	Neg4	Neg	4	5	3	11	3	1170.414	320.84	2
P07	Pos4	Pos	4	6	4	5	3	1437.158	266.744	1
P07	Neg1	Neg	1	7	5	6	4	1720.410	283.252	3
P07	Neg5	Neg	5	3	5	7	5	2012.862	292.452	3
P09	Pos3	Pos	3	9	4	11	3	173.272	173.272	1
P09	Neg5	Neg	5	4	6	9	4	353.904	180.632	1
P09	Pos4	Pos	4	13	2	4	6	503.184	149.28	1
P09	Pos2	Pos	2	11	2	13	2	646.848	143.664	2
P09	Neg1	Neg	1	6	6	11	2	818.188	171.34	3
P09	Neg4	Neg	4	6	5	6	6	944.308	126.12	2
P09	Neu1	Neu	1	11	2	6	5	1063.152	118.844	1
P10	Neu1	Neu	1	8	2	12	5	159.58	159.58	1
P10	Pos3	Pos	3	13	3	8	2	444.528	284.948	5
P10	Pos2	Pos	2	13	5	13	3	716.312	271.784	5
P10	Neg4	Neg	4	11	5	13	5	871.652	155.34	5
P10	Pos4	Pos	4	14	4	11	5	1080.752	209.1	5
P10	Neg1	Neg	1	14	6	14	4	1360.216	279.464	1
P10	Neg5	Neg	5	8	6	14	6	1683.28	323.064	2
P11	Pos2	Pos	2	14	7	12	6	160.5241	160.5241	7
P11	Pos4	Pos	4	12	6	14	7	369.3721	208.848	5
P11	Neu1	Neu	1	12	4	12	6	616.6521	247.28	5
P11	Pos3	Pos	3	14	6	12	4	902.048	285.396	7
P11	Neg5	Neg	5	2	7	14	6	1135.684	233.636	5
P11	Neg1	Neg	1	3	5	2	7	1328.424	192.74	5
P11	Neg4	Neg	4	4	5	3	5	1552.304	223.88	3
P12	Neg4	Neg	4	5	4	10	6	104.336	104.336	6
P12	Pos2	Pos	2	10	5	5	4	233.012	128.676	6
P12	Neg5	Neg	5	6	3	10	5	320.168	87.156	4
P12	Neg1	Neg	1	7	4	6	3	435.28	115.112	7
P12	Pos3	Pos	3	9	6	7	4	562.728	127.448	5
P12	Neu1	Neu	1	8	5	9	6	595.596	32.868	3
P12	Pos4	Pos	4	10	5	8	5	681.536	85.94	4
P13	Pos2	Pos	2	10	5	9	4	171.736	171.736	1
P13	Neg1	Neg	1	6	5	10	5	328.372	156.636	2
P13	Pos3	Pos	3	8	3	6	5	539.968	211.596	1
P13	Neg5	Neg	5	3	5	8	3	703.18	163.212	1
P13	Neg4	Neg	4	6	3	3	5	881.62	178.44	1
P13	Pos4	Pos	4	11	5	6	3	1017.688	136.068	6
P13	Neu1	Neu	1	4	4	11	5	1166.328	148.64	1
P14	Pos3	Pos	3	13	6	8	3	281.1655	281.1655	1
P14	Pos4	Pos	4	14	4	13	6	533.5815	252.416	3
P14	Neg1	Neg	1	8	7	14	4	764.1295	230.548	6
P14	Pos2	Pos	2	14	6	8	7	1027.693	263.564	3
P14	Neu1	Neu	1	12	5	14	6	1188.808	161.1147	3
P14	Neg5	Neg	5	3	5	12	5	1450.868	262.06	3
P14	Neg4	Neg	4	3	5	3	5	1664.64	213.772	5
P15	Neu1	Neu	1	7	5	8	5	137.776	137.776	1
P15	Pos4	Pos	4	12	6	7	5	280.068	142.292	1
P15	Neg5	Neg	5	2	5	12	6	409.068	129	1
P15	Neg4	Neg	4	3	2	2	5	518.84	109.772	1
P15	Pos2	Pos	2	13	3	3	2	680.292	161.452	1
P15	Neg1	Neg	1	8	1	13	3	800.48	120.188	1
P15	Pos3	Pos	3	14	2	8	1	1067.372	266.892	1
P16	Neg4	Neg	4	2	5	10	5	186.98	186.98	6
P16	Pos2	Pos	2	13	2	2	5	432.052	245.072	4
P16	Neg5	Neg	5	3	2	13	2	651.072	219.02	6
P16	Neg1	Neg	1	3	6	3	2	900.512	249.44	6
P16	Pos3	Pos	3	10	3	3	6	1208.14	307.628	3
P16	Neu1	Neu	1	8	1	10	3	1361.992	153.852	2
P16	Pos4	Pos	4	12	6	8	1	1545.004	183.012	6
P17	Neg4	Neg	4	3	4	8	5	129.88	129.88	2
P17	Pos2	Pos	2	14	5	3	4	281.284	151.404	2
P17	Neg5	Neg	5	7	6	14	5	418.12	136.836	7
P17	Neg1	Neg	1	9	7	7	6	572.248	154.128	7
P17	Pos3	Pos	3	14	1	9	7	798.672	226.424	2
P17	Neu1	Neu	1	8	4	14	1	898.08	99.408	1
P17	Pos4	Pos	4	13	5	8	4	1042.26	144.18	7
P18	Pos4	Pos	4	11	5	5	3	152.576	152.576	2
P18	Neg1	Neg	1	11	6	11	5	342.564	189.988	6
P18	Pos3	Pos	3	8	4	11	6	589.816	247.252	3
P18	Pos2	Pos	2	7	3	8	4	764.96	175.144	3
P18	Neu1	Neu	1	10	2	7	3	941.348	176.388	1
P18	Neg4	Neg	4	5	3	10	2	1083.076	141.728	5
P18	Neg5	Neg	5	3	2	5	3	1244.16	161.084	1
P19	Pos4	Pos	4	14	6	12	7	518.328	518.328	7
P19	Neu1	Neu	1	11	2	14	6	727.524	209.196	1
P19	Neg5	Neg	5	2	6	11	2	1109.784	382.26	6
P19	Pos3	Pos	3	14	5	2	6	1608.696	498.912	6
P19	Neg1	Neg	1	5	4	14	5	1923.316	314.62	7
P19	Neg4	Neg	4	2	7	5	4	2177.584	254.268	2
P19	Pos2	Pos	2	14	1	2	7	2477.728	300.144	6
P20	Neg4	Neg	4	3	6	12	5	294.064	294.064	7
P20	Pos4	Pos	4	14	2	3	6	573.176	279.112	1
P20	Neg5	Neg	5	6	6	14	2	881.028	307.852	7
P20	Neu1	Neu	1	8	3	6	6	1098.944	217.916	1
P20	Pos2	Pos	2	14	6	8	3	1311.621	212.6774	2
P20	Pos3	Pos	3	14	2	14	6	1615.047	303.4259	1
P20	Neg1	Neg	1	8	4	14	2	1855.355	240.308	7
P21	Pos4	Pos	4	8	5	8	5	239.68	239.68	4
P21	Neg1	Neg	1	6	6	8	5	459.384	219.704	7
P21	Neg5	Neg	5	4	6	6	6	728.352	268.968	5
P21	Pos2	Pos	2	5	4	4	6	971.492	243.14	1
P21	Neg4	Neg	4	6	5	5	4	1168.596	197.104	5
P21	Neu1	Neu	1	8	2	6	5	1288.604	120.008	1
P21	Pos3	Pos	3	5	4	8	2	1555.688	267.084	1
P22	Neu1	Neu	1	11	4	9	3	146.752	146.752	1
P22	Pos3	Pos	3	14	5	11	4	430.436	283.684	2
P22	Pos4	Pos	4	14	2	14	5	582.9	152.464	6
P22	Neg5	Neg	5	8	3	14	2	768.344	185.444	2
P22	Pos2	Pos	2	13	2	8	3	950.284	181.94	3
P22	Neg1	Neg	1	11	2	13	2	1123.684	173.4	3
P22	Neg4	Neg	4	8	3	11	2	1269.064	145.38	1
P23	Pos2	Pos	2	10	2	14	3	155.168	155.168	1
P23	Neg1	Neg	1	5	4	10	2	286.216	131.048	2
P23	Pos4	Pos	4	13	1	5	4	436.44	150.224	1
P23	Neg4	Neg	4	5	3	13	1	574.204	137.764	1
P23	Neg5	Neg	5	11	3	5	3	739.604	165.4	1
P23	Neu1	Neu	1	14	2	11	3	893.328	153.724	1
P23	Pos3	Pos	3	10	1	14	2	1180.884	287.556	1
P24	Pos4	Pos	4	7	4	14	6	193.572	193.572	2
P24	Pos2	Pos	2	14	6	7	4	412.08	218.508	6
P24	Pos3	Pos	3	13	5	14	6	679.56	267.48	5
P24	Neu1	Neu	1	12	3	13	5	881.464	201.904	5
P24	Neg1	Neg	1	6	7	12	3	1070.124	188.66	7
P24	Neg5	Neg	5	6	5	6	7	1238.216	168.092	5
P24	Neg4	Neg	4	8	4	6	5	1424.64	186.424	2
P25	Neg1	Neg	1	8	6	8	1	270.36	270.36	7
P25	Pos3	Pos	3	14	6	8	6	675.172	404.812	1
P25	Pos2	Pos	2	14	6	14	6	937.76	262.588	1
P25	Neg5	Neg	5	2	1	14	6	1201.436	263.676	1
P25	Neg4	Neg	4	2	7	2	1	1442.624	241.188	1
P25	Pos4	Pos	4	10	2	2	7	1662.216	219.592	1
P25	Neu1	Neu	1	8	6	10	2	1935.008	272.792	1
P26	Pos2	Pos	2	9	4	5	4	127.736	127.736	1
P26	Pos3	Pos	3	7	4	9	4	295.584	167.848	1
P26	Neg5	Neg	5	2	4	7	4	445.664	150.08	1
P26	Neg4	Neg	4	5	5	2	4	561.372	115.708	1
P26	Neu1	Neu	1	12	3	5	5	705.868	144.496	1
P26	Neg1	Neg	1	6	4	12	3	827.572	121.704	1
P26	Pos4	Pos	4	9	4	6	4	939.856	112.284	1
P27	Neu1	Neu	1	11	4	12	4	53.104	53.104	1
P27	Neg4	Neg	4	3	7	11	4	134.136	81.032	7
P27	Neg1	Neg	1	8	7	3	7	191.464	57.328	7
P27	Neg5	Neg	5	8	1	8	7	238.024	46.56	1
P27	Pos2	Pos	2	8	7	8	1	304.676	66.652	2
P27	Pos4	Pos	4	4	4	8	7	381.788	77.112	1
P27	Pos3	Pos	3	6	2	4	4	473.888	92.1	3
P28	Pos3	Pos	3	11	5	13	4	259.148	259.148	1
P28	Neg4	Neg	4	5	5	11	5	466.332	207.184	5
P28	Neg5	Neg	5	7	5	5	5	643.684	177.352	4
P28	Pos4	Pos	4	8	3	7	5	783.176	139.492	1
P28	Neu1	Neu	1	7	4	8	3	965.824	182.648	1
P28	Neg1	Neg	1	5	6	7	4	1128.348	162.524	3
P28	Pos2	Pos	2	11	4	5	6	1307.296	178.948	1
P29	Neu1	Neu	1	7	3	12	3	184.66	184.66	1
P29	Pos3	Pos	3	13	6	7	3	428.356	243.696	4
P29	Neg5	Neg	5	2	4	13	6	579.556	151.2	1
P29	Neg4	Neg	4	4	5	2	4	716.292	136.736	4
P29	Neg1	Neg	1	2	6	4	5	855.176	138.884	1
P29	Pos2	Pos	2	13	1	2	6	1012.98	157.804	4
P29	Pos4	Pos	4	13	1	13	1	1135.948	122.968	4
P30	Neg5	Neg	5	3	5	8	1	271.996	271.996	1
P30	Pos4	Pos	4	11	1	3	5	530.152	258.156	1
P30	Pos3	Pos	3	13	1	11	1	831.128	300.976	2
P30	Pos2	Pos	2	11	1	13	1	968.172	137.044	1
P30	Neg1	Neg	1	11	2	11	1	1200.868	232.696	1
P30	Neg4	Neg	4	11	1	11	2	1388.6	187.732	1
P30	Neu1	Neu	1	5	2	11	1	1423.04	34.44	3
P31	Pos3	Pos	3	13	2	12	3	416.396	416.396	7
P31	Pos4	Pos	4	14	2	13	2	636.484	220.088	5
P31	Neg1	Neg	1	14	2	14	2	870.264	233.78	7
P31	Pos2	Pos	2	13	3	14	2	1078.468	208.204	2
P31	Neu1	Neu	1	10	2	13	3	1216.628	138.16	1
P31	Neg5	Neg	5	3	3	10	2	1377.044	160.416	1
P31	Neg4	Neg	4	11	2	3	3	1537.376	160.332	1
P32	Neg1	Neg	1	6	6	11	2	182.708	182.708	7
P32	Neu1	Neu	1	12	3	6	6	343.012	160.304	3
P32	Pos3	Pos	3	14	2	12	3	670.632	327.62	5
P32	Neg5	Neg	5	3	5	14	2	865.848	195.216	7
P32	Neg4	Neg	4	7	3	3	5	1034.324	168.476	3
P32	Pos4	Pos	4	13	2	7	3	1180.264	145.94	1
P32	Pos2	Pos	2	14	2	13	2	1384.324	204.06	6
P33	Pos3	Pos	3	11	5	9	5	237.748	237.748	4
P33	Neg5	Neg	5	4	6	11	5	404.108	166.36	6
P33	Neu1	Neu	1	6	4	4	6	488.112	84.004	1
P33	Neg1	Neg	1	10	5	6	4	674.836	186.724	7
P33	Neg4	Neg	4	6	4	10	5	847.664	172.828	5
P33	Pos4	Pos	4	10	5	6	4	1060.812	213.148	2
P33	Pos2	Pos	2	10	5	10	5	1277.796	216.984	3
P34	Neg4	Neg	4	2	4	10	6	110.268	110.268	1
P34	Pos3	Pos	3	14	6	2	4	295.872	185.604	6
P34	Neg5	Neg	5	2	5	14	6	387.28	91.408	1
P34	Pos4	Pos	4	12	2	2	5	514.936	127.656	1
P34	Pos2	Pos	2	14	7	12	2	666.388	151.452	5
P34	Neu1	Neu	1	2	4	14	7	798.504	132.116	1
P34	Neg1	Neg	1	2	1	2	4	904.5	105.996	1
P35	Neu1	Neu	1	13	3	5	6	189.6429	189.6429	2
P35	Neg5	Neg	5	3	7	13	3	490.5709	300.928	7
P35	Neg1	Neg	1	5	7	3	7	742.2789	251.708	6
P35	Pos3	Pos	3	14	7	5	7	1066.556	324.2767	7
P35	Neg4	Neg	4	2	6	14	7	1304.256	237.7	5
P35	Pos4	Pos	4	14	6	2	6	1551.904	247.648	7
P35	Pos2	Pos	2	14	7	14	6	1857.744	305.84	7
P36	Pos4	Pos	4	11	5	8	5	208.492	208.492	1
P36	Pos2	Pos	2	13	5	11	5	426.244	217.752	2
P36	Neg4	Neg	4	2	6	13	5	659.352	233.108	7
P36	Neu1	Neu	1	8	3	2	6	825.422	166.07	2
P36	Neg5	Neg	5	2	6	8	3	1099.958	274.536	5
P36	Neg1	Neg	1	3	5	2	6	1328.01	228.052	1
P36	Pos3	Pos	3	12	6	3	5	1649.686	321.676	1
P37	Neg4	Neg	4	4	6	7	5	171.788	171.788	1
P37	Pos3	Pos	3	12	3	4	6	542.5	370.712	1
P37	Neg5	Neg	5	2	5	12	3	818.764	276.264	1
P37	Pos4	Pos	4	8	5	2	5	1032.6	213.836	1
P37	Pos2	Pos	2	10	3	8	5	1291.172	258.572	1
P37	Neu1	Neu	1	8	6	10	3	1434.868	143.696	1
P37	Neg1	Neg	1	6	6	8	6	1747.116	312.248	2
P38	Neg4	Neg	4	7	4	13	6	247.744	247.744	3
P38	Pos3	Pos	3	13	6	7	4	560.252	312.508	1
P38	Neg5	Neg	5	8	4	13	6	741.376	181.124	7
P38	Pos4	Pos	4	11	6	8	4	954.972	213.596	1
P38	Pos2	Pos	2	13	6	11	6	1199.404	244.432	1
P38	Neu1	Neu	1	7	4	13	6	1314.248	114.844	1
P38	Neg1	Neg	1	5	4	7	4	1478.436	164.188	6
P39	Neg1	Neg	1	2	1	8	7	315.116	315.116	7
P39	Pos4	Pos	4	8	7	2	1	576.84	261.724	7
P39	Pos2	Pos	2	14	1	8	7	734.532	157.692	1
P39	Neu1	Neu	1	14	1	14	1	784.02	49.488	1
P39	Neg5	Neg	5	2	1	14	1	937.22	153.2	1
P39	Neg4	Neg	4	2	1	2	1	1081.028	143.808	1
P39	Pos3	Pos	3	14	1	2	1	1192.752	111.724	1
P40	Neg4	Neg	4	2	4	6	4	466.188	466.188	4
P40	Pos4	Pos	4	11	3	2	4	767.404	301.216	1
P40	Pos3	Pos	3	13	4	11	3	1160.656	393.252	1
P40	Neg5	Neg	5	2	4	13	4	1459.424	298.768	1
P40	Pos2	Pos	2	8	4	2	4	1698.964	239.54	1
P40	Neu1	Neu	1	14	1	8	4	1963.74	264.776	4
P40	Neg1	Neg	1	12	4	14	1	2237.06	273.32	4
P41	Neg1	Neg	1	6	5	14	5	355.436	355.436	6
P41	Pos2	Pos	2	14	7	6	5	602.9159	247.4799	2
P41	Neg5	Neg	5	8	4	14	7	860.2637	257.3479	2
P41	Neg4	Neg	4	3	4	8	4	1152.636	292.372	2
P41	Neu1	Neu	1	14	1	3	4	1368.230	215.5945	4
P41	Pos4	Pos	4	13	3	14	1	1637.982	269.752	1
P41	Pos3	Pos	3	14	5	13	3	2014.102	376.12	2
P42	Neg4	Neg	4	4	6	10	2	280.548	280.548	6
P42	Pos4	Pos	4	14	1	4	6	485.828	205.28	5
P42	Pos2	Pos	2	8	7	14	1	745.264	259.436	6
P42	Neg5	Neg	5	8	6	8	7	978.932	233.668	7
P42	Neu1	Neu	1	13	4	8	6	1129.069	150.1365	2
P42	Neg1	Neg	1	10	1	13	4	1390.853	261.784	7
P42	Pos3	Pos	3	14	7	10	1	1724.873	334.02	5
P43	Neg1	Neg	1	2	7	4	4	146.336	146.336	4
P43	Pos2	Pos	2	14	7	2	7	316.188	169.852	3
P43	Neg4	Neg	4	8	4	14	7	465.836	149.648	1
P43	Neu1	Neu	1	11	3	8	4	631.94	166.104	2
P43	Pos3	Pos	3	8	5	11	3	857.484	225.544	1
P43	Pos4	Pos	4	12	6	8	5	989.188	131.704	1
P43	Neg5	Neg	5	3	7	12	6	1161.216	172.028	7
P45	Pos2	Pos	2	10	4	8	4	184.708	184.708	3
P45	Neu1	Neu	1	8	4	10	4	369.528	184.82	3
P45	Neg1	Neg	1	4	5	8	4	564.792	195.264	6
P45	Pos3	Pos	3	10	4	4	5	808.952	244.16	3
P45	Neg4	Neg	4	6	5	10	4	1043.852	234.9	5
P45	Pos4	Pos	4	10	5	6	5	1244.936	201.084	2
P45	Neg5	Neg	5	6	4	10	5	1493.672	248.736	2
P46	Neg4	Neg	4	7	5	9	5	243.92	243.92	5
P46	Neu1	Neu	1	7	3	7	5	497.996	254.076	3
P46	Pos2	Pos	2	14	6	7	3	724.372	226.376	5
P46	Pos4	Pos	4	14	7	14	6	920.868	196.496	6
P46	Neg5	Neg	5	5	5	14	7	1128.052	207.184	7
P46	Neg1	Neg	1	10	5	5	5	1329.012	200.96	5
P46	Pos3	Pos	3	12	6	10	5	1646.844	317.832	6
P47	Neu1	Neu	1	9	5	11	6	187.584	187.584	3
P47	Pos2	Pos	2	14	6	9	5	347.468	159.884	5
P47	Neg5	Neg	5	2	7	14	6	528.416	180.948	1
P47	Pos4	Pos	4	13	4	2	7	643.052	114.636	1
P47	Neg4	Neg	4	3	6	13	4	794.204	151.152	4
P47	Pos3	Pos	3	13	4	3	6	1004.52	210.316	1
P47	Neg1	Neg	1	4	3	13	4	1142.828	138.308	4
P48	Neu1	Neu	1	5	4	12	7	150.928	150.928	1
P48	Neg4	Neg	4	4	7	5	4	331.94	181.012	7
P48	Pos4	Pos	4	14	7	4	7	484.976	153.036	7
P48	Pos2	Pos	2	14	7	14	7	665.512	180.536	6
P48	Neg1	Neg	1	10	6	14	7	802.856	137.344	5
P48	Neg5	Neg	5	6	4	10	6	990.412	187.556	6
P48	Pos3	Pos	3	14	7	6	4	1270.58	280.168	7
P49	Neu1	Neu	1	13	7	8	4	168.968	168.968	1
P49	Neg4	Neg	4	3	4	13	7	292.816	123.848	1
P49	Pos4	Pos	4	7	3	3	4	400.796	107.98	1
P49	Neg5	Neg	5	5	5	7	3	538.896	138.1	1
P49	Neg1	Neg	1	14	5	5	5	662.408	123.512	1
P49	Pos3	Pos	3	5	4	14	5	817.88	155.472	1
P49	Pos2	Pos	2	5	5	5	4	948.524	130.644	1
P50	Pos2	Pos	2	8	4	8	4	143.892	143.892	1
P50	Neg1	Neg	1	8	5	8	4	264.668	120.776	1
P50	Neu1	Neu	1	8	1	8	5	359.212	94.544	1
P50	Neg4	Neg	4	10	5	8	1	476.836	117.624	5
P50	Neg5	Neg	5	8	5	10	5	615.972	139.136	1
P50	Pos4	Pos	4	10	4	8	5	723.232	107.26	1
P50	Pos3	Pos	3	10	5	10	4	873.328	150.096	1
P51	Pos2	Pos	2	14	5	8	5	218.108	218.108	2
P51	Pos3	Pos	3	11	5	14	5	486.52	268.412	2
P51	Neg1	Neg	1	8	4	11	5	691.08	204.56	1
P51	Neg4	Neg	4	4	4	8	4	910	218.92	2
P51	Pos4	Pos	4	14	5	4	4	1095.096	185.096	4
P51	Neg5	Neg	5	6	4	14	5	1308.948	213.852	5
P51	Neu1	Neu	1	11	1	6	4	1522.624	213.676	1
P52	Neg4	Neg	4	6	4	11	3	207.212	207.212	1
P52	Neg1	Neg	1	7	5	6	4	393.312	186.1	4
P52	Pos2	Pos	2	14	6	7	5	580.98	187.668	6
P52	Pos4	Pos	4	12	3	14	6	765.004	184.024	4
P52	Neg5	Neg	5	6	4	12	3	985.588	220.584	2
P52	Pos3	Pos	3	13	1	6	4	1240.528	254.94	4
P52	Neu1	Neu	1	6	3	13	1	1436.864	196.336	1
P53	Neu1	Neu	1	10	3	6	5	180.2	180.2	3
P53	Neg1	Neg	1	4	5	10	3	358.908	178.708	3
P53	Neg5	Neg	5	4	5	4	5	557.42	198.512	3
P53	Neg4	Neg	4	6	4	4	5	727.16	169.74	3
P53	Pos2	Pos	2	10	3	6	4	904.896	177.736	2
P53	Pos4	Pos	4	6	3	10	3	1079.288	174.392	3
P53	Pos3	Pos	3	10	3	6	3	1311.82	232.532	3
P54	Neg1	Neg	1	8	7	4	3	293.36	293.36	7
P54	Neu1	Neu	1	12	6	8	7	495.2622	201.9022	3
P54	Pos3	Pos	3	14	3	12	6	803.3902	308.128	1
P54	Pos2	Pos	2	14	3	14	3	962.6982	159.308	1
P54	Neg5	Neg	5	2	3	14	3	1221.478	258.78	1
P54	Neg4	Neg	4	6	3	2	3	1453.854	232.376	3
P54	Pos4	Pos	4	14	3	6	3	1722.170	268.316	1
P55	Pos3	Pos	3	12	4	8	5	249.744	249.744	1
P55	Neg4	Neg	4	6	5	12	4	374.024	124.28	1
P55	Neu1	Neu	1	8	4	6	5	474.872	100.848	1
P55	Pos4	Pos	4	10	5	8	4	598.816	123.944	1
P55	Neg1	Neg	1	6	5	10	5	713.612	114.796	1
P55	Neg5	Neg	5	6	4	6	5	821.352	107.74	1
P55	Pos2	Pos	2	10	3	6	4	928.916	107.564	1
P56	Pos4	Pos	4	13	5	11	4	125.288	125.288	1
P56	Pos2	Pos	2	12	5	13	5	193.364	68.076	1
P56	Neg4	Neg	4	6	5	12	5	318.444	125.08	1
P56	Neg5	Neg	5	2	6	6	5	419.484	101.04	1
P56	Neg1	Neg	1	4	5	2	6	535.8	116.316	1
P56	Pos3	Pos	3	13	5	4	5	652.34	116.54	1
P56	Neu1	Neu	1	8	4	13	5	714.32	61.98	1
P58	Neg4	Neg	4	2	4	12	6	183.94	183.94	4
P58	Pos2	Pos	2	11	4	2	4	362.252	178.312	1
P58	Neg1	Neg	1	2	4	11	4	521.336	159.084	1
P58	Pos4	Pos	4	13	4	2	4	656.508	135.172	1
P58	Neu1	Neu	1	10	2	13	4	816.792	160.284	1
P58	Neg5	Neg	5	2	4	10	2	976.052	159.26	1
P58	Pos3	Pos	3	12	5	2	4	1193.452	217.4	4
P59	Neu1	Neu	1	7	4	8	3	198.256	198.256	1
P59	Neg4	Neg	4	3	5	7	4	398.784	200.528	4
P59	Pos2	Pos	2	8	3	3	5	573.032	174.248	1
P59	Pos4	Pos	4	10	3	8	3	714.524	141.492	1
P59	Neg1	Neg	1	2	6	10	3	905.904	191.38	5
P59	Pos3	Pos	3	8	4	2	6	1147.508	241.604	1
P59	Neg5	Neg	5	2	5	8	4	1322.876	175.368	1
