Participant	Stimulus	PostV	PostA	Part	Cont	Inte	Relv
1	Nt1	1	4	4	3	3	4
1	Po1	0	3	3	3	3	3
1	Po2	-1	4	7	7	5	6
1	Po3	-1	2	2	2	2	2
1	Po9	0	3	3	3	3	3
1	Ne4	0	2	3	2	2	2
1	Ne6	0	1	1	1	1	1
1	Ne7	-1	2	4	3	2	4
1	Ne8	0	3	3	3	3	3
1	Ne9	0	1	1	1	1	1
2	Nt1	0	4	2	2	3	3
2	Po1	0	4	4	2	2	1
2	Po2	6	7	1	7	7	6
2	Po3	5	5	4	6	7	6
2	Po9	4	4	1	3	4	5
2	Ne4	-6	4	1	3	5	2
2	Ne6	0	4	5	5	5	5
2	Ne7	-6	4	2	2	4	2
2	Ne8	-4	4	5	5	4	7
2	Ne9	-2	4	4	3	4	2
3	Nt1	0	4	2	2	2	4
3	Po1	4	5	6	6	6	5
3	Po2	5	5	2	4	5	4
3	Po3	6	5	3	5	6	5
3	Po9	2	3	1	2	3	2
3	Ne4	-6	5	1	3	5	4
3	Ne6	-4	2	1	1	5	1
3	Ne7	-6	4	1	2	3	1
3	Ne8	-2	4	1	2	3	3
3	Ne9	-6	4	1	1	3	1
4	Nt1	0	2	1	4	4	4
4	Po1	4	5	2	6	5	5
4	Po2	2	4	1	5	5	3
4	Po3	3	4	1	5	5	4
4	Po9	0	3	1	1	2	4
4	Ne4	-2	4	4	5	5	5
4	Ne6	-1	4	1	4	5	4
4	Ne7	-1	2	1	1	1	2
4	Ne8	0	3	2	4	3	4
4	Ne9	1	4	1	2	2	2
5	Nt1	3	2	3	3	4	4
5	Po1	-2	4	1	1	1	2
5	Po2	4	3	6	6	6	6
5	Po3	2	6	6	6	6	5
5	Po9	4	4	6	6	6	6
5	Ne4	-4	4	4	4	5	2
5	Ne6	3	5	5	5	5	5
5	Ne7	-2	4	4	4	4	2
5	Ne8	-2	4	4	5	5	4
5	Ne9	-2	6	3	6	6	4
6	Nt1	0	4	1	1	2	1
6	Po1	3	4	2	4	5	2
6	Po2	5	2	1	3	5	3
6	Po3	5	3	1	2	4	3
6	Po9	4	3	1	1	4	5
6	Ne4	-4	5	1	2	5	1
6	Ne6	-4	4	1	1	5	2
6	Ne7	-3	5	1	5	5	2
6	Ne8	-3	4	1	2	2	1
6	Ne9	-3	5	1	5	5	1
7	Nt1	2	2	2	2	2	2
7	Po1	3	4	3	5	5	2
7	Po2	4	4	2	3	2	2
7	Po3	3	4	1	1	1	2
7	Po9	3	4	2	2	3	3
7	Ne4	-3	4	2	3	3	1
7	Ne6	0	4	2	4	3	2
7	Ne7	1	3	2	5	5	2
7	Ne8	-2	4	2	3	5	4
7	Ne9	-1	4	1	2	2	2
8	Nt1	0	1	1	1	1	1
8	Po1	2	1	4	5	4	4
8	Po2	2	2	1	1	2	5
8	Po3	1	1	1	1	1	4
8	Po9	4	1	3	5	4	6
8	Ne4	-4	3	3	5	5	3
8	Ne6	-3	2	1	1	2	2
8	Ne7	-4	2	1	1	1	1
8	Ne8	0	2	1	1	3	4
8	Ne9	0	2	1	1	2	2
9	Nt1	0	2	3	5	6	5
9	Po1	6	6	6	7	7	4
9	Po2	6	5	6	6	7	7
9	Po3	6	6	7	7	7	7
9	Po9	5	5	1	1	5	4
9	Ne4	-5	1	1	1	3	1
9	Ne6	0	2	1	1	1	1
9	Ne7	1	5	2	6	7	2
9	Ne8	-1	3	5	2	6	6
9	Ne9	3	6	1	6	7	1
10	Nt1	0	3	2	2	1	3
10	Po1	3	4	4	5	6	5
10	Po2	3	5	2	4	4	5
10	Po3	3	5	2	6	6	5
10	Po9	0	3	2	3	4	5
10	Ne4	-2	5	2	5	5	2
10	Ne6	-3	5	2	5	5	5
10	Ne7	3	4	2	4	5	6
10	Ne8	0	4	2	2	2	2
10	Ne9	-3	4	2	2	2	3
11	Nt1	-2	4	1	1	1	1
11	Po1	4	2	2	5	5	4
11	Po2	4	3	2	6	6	6
11	Po3	6	3	3	7	6	4
11	Po9	6	4	5	5	5	6
11	Ne4	-2	3	1	2	3	2
11	Ne6	-2	4	1	2	2	3
11	Ne7	-4	4	6	5	4	5
11	Ne8	-2	4	1	3	4	4
11	Ne9	-2	3	1	2	3	2
12	Nt1	0	4	1	1	1	1
12	Po1	0	4	1	4	5	3
12	Po2	4	6	3	6	6	6
12	Po3	6	7	4	6	7	7
12	Po9	3	5	4	4	5	5
12	Ne4	-6	5	1	1	5	1
12	Ne6	-6	7	1	1	7	7
12	Ne7	-3	4	2	2	5	4
12	Ne8	0	6	3	2	5	5
12	Ne9	0	4	1	1	1	1
13	Nt1	-2	4	1	1	4	1
13	Po1	2	4	5	5	5	4
13	Po2	5	3	5	5	5	5
13	Po3	5	3	5	5	5	5
13	Po9	4	4	5	4	4	5
13	Ne4	-6	4	1	1	4	1
13	Ne6	-2	4	1	1	1	1
13	Ne7	-5	5	1	1	4	1
13	Ne8	0	4	5	5	6	5
13	Ne9	0	4	1	1	4	1
14	Nt1	-2	4	1	1	2	1
14	Po1	3	4	1	4	6	2
14	Po2	6	2	7	7	7	7
14	Po3	4	5	6	7	7	7
14	Po9	4	5	6	6	6	7
14	Ne4	-3	5	2	2	5	6
14	Ne6	-4	6	4	4	7	4
14	Ne7	-2	5	6	6	6	5
14	Ne8	0	4	4	2	5	7
14	Ne9	-2	5	5	4	7	5
15	Nt1	0	1	1	1	1	1
15	Po1	0	2	1	1	2	1
15	Po2	5	1	5	6	6	6
15	Po3	5	5	4	6	6	5
15	Po9	4	2	6	6	5	6
15	Ne4	-2	5	4	5	5	4
15	Ne6	-3	5	3	5	5	4
15	Ne7	0	4	3	5	5	4
15	Ne8	-1	4	4	5	5	5
15	Ne9	2	4	4	5	5	5
16	Nt1	0	2	2	2	2	1
16	Po1	0	5	6	5	6	7
16	Po2	3	4	3	5	5	5
16	Po3	4	5	3	3	5	4
16	Po9	2	5	3	3	4	3
16	Ne4	-6	5	5	3	5	2
16	Ne6	-4	4	3	3	3	2
16	Ne7	2	4	3	1	4	2
16	Ne8	-2	3	3	1	2	1
16	Ne9	-3	5	4	2	3	1
17	Nt1	-1	4	3	3	4	2
17	Po1	1	4	4	4	5	4
17	Po2	2	4	4	5	5	5
17	Po3	3	3	4	6	5	4
17	Po9	3	4	4	6	6	7
17	Ne4	-3	5	4	5	5	5
17	Ne6	-1	4	5	7	7	5
17	Ne7	-2	5	2	5	6	2
17	Ne8	-2	4	5	6	5	5
17	Ne9	-2	4	4	5	5	4
18	Nt1	-4	6	3	4	4	5
18	Po1	2	6	5	5	5	4
18	Po2	4	5	3	4	4	5
18	Po3	6	5	4	5	6	5
18	Po9	2	4	1	2	4	3
18	Ne4	-3	5	1	1	2	1
18	Ne6	-6	5	3	3	3	2
18	Ne7	-4	3	2	4	4	2
18	Ne8	-3	5	1	2	3	2
18	Ne9	-5	3	2	3	3	1
19	Nt1	0	4	1	1	1	1
19	Po1	6	4	7	7	7	6
19	Po2	5	1	5	5	5	5
19	Po3	2	1	5	2	5	6
19	Po9	4	4	3	4	6	5
19	Ne4	-5	5	3	6	5	1
19	Ne6	0	4	1	5	5	1
19	Ne7	0	4	2	2	5	2
19	Ne8	-1	4	6	6	6	6
19	Ne9	0	4	1	5	4	1
20	Nt1	3	1	2	1	3	1
20	Po1	4	6	4	7	7	7
20	Po2	6	5	4	5	6	5
20	Po3	6	6	4	6	6	6
20	Po9	6	4	3	6	7	7
20	Ne4	-5	4	2	3	4	1
20	Ne6	-4	3	2	4	4	1
20	Ne7	-4	4	2	4	5	1
20	Ne8	-2	3	2	4	5	1
20	Ne9	-4	5	2	3	4	1
21	Nt1	0	1	1	1	1	1
21	Po1	0	2	1	2	1	1
21	Po2	4	5	2	5	5	2
21	Po3	6	5	2	5	5	2
21	Po9	0	4	3	3	4	5
21	Ne4	-4	3	3	4	4	2
21	Ne6	-3	3	2	4	3	2
21	Ne7	-2	3	2	2	3	2
21	Ne8	-3	3	2	2	3	2
21	Ne9	-3	3	2	4	4	1
22	Nt1	4	1	1	1	1	1
22	Po1	6	6	7	7	7	7
22	Po2	4	5	4	4	5	5
22	Po3	4	5	2	3	5	4
22	Po9	5	5	4	5	5	6
22	Ne4	-2	5	2	5	5	5
22	Ne6	0	1	1	1	1	1
22	Ne7	0	2	1	1	1	1
22	Ne8	0	2	1	1	1	1
22	Ne9	0	2	1	3	2	2
23	Nt1	0	2	1	2	1	2
23	Po1	1	4	7	7	5	7
23	Po2	3	4	1	1	5	5
23	Po3	0	4	2	5	5	5
23	Po9	3	5	5	5	5	4
23	Ne4	-6	7	1	1	3	2
23	Ne6	-3	4	5	5	5	4
23	Ne7	-5	5	3	1	5	1
23	Ne8	-3	5	5	5	6	5
23	Ne9	-3	5	2	5	6	2
24	Nt1	3	3	2	4	6	6
24	Po1	2	5	1	4	5	5
24	Po2	3	4	1	2	4	5
24	Po3	-3	5	2	2	3	5
24	Po9	1	4	1	1	1	2
24	Ne4	-3	6	1	1	6	1
24	Ne6	-2	4	1	1	2	1
24	Ne7	-4	5	1	2	3	2
24	Ne8	-3	5	1	1	1	1
24	Ne9	-5	6	2	1	1	2
25	Nt1	0	1	1	1	1	2
25	Po1	6	7	1	5	7	5
25	Po2	4	1	1	1	4	4
25	Po3	6	2	5	7	7	7
25	Po9	6	5	5	3	7	7
25	Ne4	-4	5	5	2	5	5
25	Ne6	-6	1	1	1	1	1
25	Ne7	-6	7	1	7	7	5
25	Ne8	4	5	1	1	5	5
25	Ne9	3	7	4	7	6	6
26	Nt1	-2	2	1	2	1	2
26	Po1	0	4	5	5	2	5
26	Po2	2	5	5	5	5	5
26	Po3	0	3	5	5	5	5
26	Po9	4	5	3	4	5	6
26	Ne4	-6	5	4	5	5	2
26	Ne6	-2	5	5	5	5	5
26	Ne7	-5	3	6	6	6	6
26	Ne8	2	5	5	5	5	5
26	Ne9	-3	5	5	5	5	5
27	Nt1	-4	1	1	1	1	1
27	Po1	4	5	4	4	5	4
27	Po2	6	3	4	6	6	5
27	Po3	6	6	5	6	6	6
27	Po9	4	2	2	2	5	4
27	Ne4	-6	5	3	3	5	5
27	Ne6	0	4	1	1	1	1
27	Ne7	-4	4	2	2	4	2
27	Ne8	0	4	2	2	3	3
27	Ne9	-4	4	2	2	2	2
28	Nt1	3	1	1	3	4	5
28	Po1	0	2	3	6	6	6
28	Po2	6	6	5	7	7	7
28	Po3	6	6	4	6	7	6
28	Po9	5	6	5	6	6	7
28	Ne4	-6	4	1	7	7	2
28	Ne6	-1	2	2	2	5	3
28	Ne7	-4	3	2	4	5	2
28	Ne8	1	3	4	5	6	5
28	Ne9	-2	5	1	4	5	1
29	Nt1	0	2	2	2	3	3
29	Po1	3	2	3	3	4	4
29	Po2	0	3	3	3	3	3
29	Po3	0	3	3	3	3	3
29	Po9	0	4	5	5	3	4
29	Ne4	0	3	3	3	2	4
29	Ne6	-1	4	2	2	2	2
29	Ne7	-1	2	1	1	1	1
29	Ne8	0	3	1	1	1	1
29	Ne9	0	3	3	3	3	3
30	Nt1	0	1	1	1	2	2
30	Po1	-5	1	1	1	1	1
30	Po2	6	5	1	6	6	5
30	Po3	6	6	1	6	7	6
30	Po9	0	1	1	1	2	1
30	Ne4	-6	5	1	1	2	1
30	Ne6	4	5	1	6	5	6
30	Ne7	-3	3	1	2	3	1
30	Ne8	-2	4	1	3	4	2
30	Ne9	-2	3	1	5	3	5
31	Nt1	0	4	1	2	1	1
31	Po1	-2	4	1	3	5	4
31	Po2	5	6	1	5	5	5
31	Po3	6	6	1	5	5	6
31	Po9	6	6	1	5	5	7
31	Ne4	-6	6	1	5	6	2
31	Ne6	-4	4	1	3	5	4
31	Ne7	-6	5	1	5	5	4
31	Ne8	-3	4	1	2	2	3
31	Ne9	-5	5	1	2	3	2
32	Nt1	5	1	2	5	6	6
32	Po1	5	5	7	7	7	5
32	Po2	6	2	6	7	7	7
32	Po3	6	2	1	1	2	2
32	Po9	6	1	1	1	2	2
32	Ne4	-5	5	5	4	5	5
32	Ne6	-3	6	7	6	6	7
32	Ne7	-5	6	1	1	6	2
32	Ne8	-3	3	2	4	5	4
32	Ne9	5	1	1	1	2	1
33	Nt1	0	4	1	1	1	1
33	Po1	0	4	3	3	4	4
33	Po2	3	4	1	4	4	1
33	Po3	0	4	2	4	3	1
33	Po9	4	5	4	4	4	5
33	Ne4	-2	4	2	3	4	4
33	Ne6	-2	4	1	1	3	1
33	Ne7	-2	4	3	4	4	3
33	Ne8	0	4	3	3	4	1
33	Ne9	0	4	2	2	3	2
34	Nt1	-4	1	1	1	1	1
34	Po1	2	3	1	5	5	4
34	Po2	2	2	1	2	2	1
34	Po3	2	2	1	1	1	1
34	Po9	0	2	1	1	2	2
34	Ne4	-4	4	1	1	2	1
34	Ne6	2	2	1	2	3	1
34	Ne7	-2	2	1	2	3	1
34	Ne8	-2	1	1	1	1	1
34	Ne9	0	1	1	1	2	1
35	Nt1	-3	5	1	1	1	1
35	Po1	4	5	6	5	5	5
35	Po2	4	4	2	2	5	5
35	Po3	2	4	4	5	4	5
35	Po9	2	4	1	1	2	3
35	Ne4	-3	4	1	1	5	1
35	Ne6	-2	4	1	1	1	1
35	Ne7	-3	3	5	2	5	2
35	Ne8	-2	5	6	5	3	5
35	Ne9	-2	3	1	2	5	1
36	Nt1	0	4	1	1	1	1
36	Po1	0	1	7	7	5	5
36	Po2	6	3	6	6	7	5
36	Po3	6	1	4	5	6	6
36	Po9	6	2	6	6	7	7
36	Ne4	-6	5	1	4	5	1
36	Ne6	0	2	1	4	4	4
36	Ne7	-4	4	1	1	1	1
36	Ne8	-2	5	1	6	6	6
36	Ne9	0	4	1	5	5	1
37	Nt1	-6	1	1	1	1	1
37	Po1	6	5	6	6	7	6
37	Po2	5	6	6	4	5	5
37	Po3	1	4	4	4	3	4
37	Po9	6	6	6	6	7	7
37	Ne4	-6	7	7	4	5	2
37	Ne6	-5	5	1	1	2	1
37	Ne7	-6	5	2	2	4	2
37	Ne8	0	2	5	1	1	5
37	Ne9	-5	1	1	1	3	1
38	Nt1	0	1	1	1	1	1
38	Po1	0	1	1	1	2	1
38	Po2	3	2	1	2	4	3
38	Po3	-3	2	1	1	3	2
38	Po9	5	2	1	2	5	5
38	Ne4	0	2	1	2	5	3
38	Ne6	1	4	1	2	3	5
38	Ne7	-1	2	1	1	4	4
38	Ne8	0	1	1	1	1	1
38	Ne9	0	3	1	5	5	2
39	Nt1	0	4	1	1	1	1
39	Po1	2	2	2	2	2	2
39	Po2	1	6	4	6	6	5
39	Po3	-2	5	1	3	5	4
39	Po9	3	3	1	2	3	2
39	Ne4	-4	5	7	7	5	5
39	Ne6	-2	3	1	3	2	2
39	Ne7	-2	2	1	1	2	1
39	Ne8	0	4	1	3	3	2
39	Ne9	-3	3	1	1	3	1
40	Nt1	4	5	5	3	5	3
40	Po1	0	2	1	1	1	1
40	Po2	0	4	4	5	5	5
40	Po3	0	4	1	2	4	3
40	Po9	5	5	7	6	7	5
40	Ne4	-3	3	1	1	3	1
40	Ne6	-4	4	3	3	1	1
40	Ne7	-2	3	6	2	4	2
40	Ne8	0	2	5	5	5	3
40	Ne9	-1	4	1	1	3	2
41	Nt1	0	4	1	1	1	1
41	Po1	-2	4	1	2	2	1
41	Po2	3	2	1	2	3	2
41	Po3	4	2	1	2	2	1
41	Po9	0	4	1	1	2	2
41	Ne4	-4	4	2	4	5	2
41	Ne6	-4	4	1	3	3	2
41	Ne7	-4	4	3	3	3	1
41	Ne8	-2	3	1	1	3	3
41	Ne9	-2	4	1	1	2	1
42	Nt1	3	1	2	5	7	5
42	Po1	5	5	5	6	6	6
42	Po2	6	5	3	6	6	5
42	Po3	6	4	1	6	5	3
42	Po9	3	3	1	2	3	3
42	Ne4	-4	4	3	4	4	5
42	Ne6	3	3	1	4	4	1
42	Ne7	-4	4	1	1	3	1
42	Ne8	4	5	1	1	4	1
42	Ne9	2	4	1	1	1	1
43	Nt1	5	1	7	6	7	6
43	Po1	5	1	7	7	7	7
43	Po2	2	3	4	3	4	4
43	Po3	2	3	4	4	5	4
43	Po9	2	1	6	6	6	7
43	Ne4	6	3	7	7	7	7
43	Ne6	-1	2	5	4	3	5
43	Ne7	1	4	4	5	4	4
43	Ne8	1	4	4	4	4	5
43	Ne9	3	3	4	4	3	3
44	Nt1	0	2	1	1	1	1
44	Po1	6	5	6	7	6	6
44	Po2	4	3	2	2	3	2
44	Po3	2	2	1	1	1	2
44	Po9	6	6	4	5	5	6
44	Ne4	-6	6	5	6	7	1
44	Ne6	-3	4	1	1	2	2
44	Ne7	-5	6	3	6	6	1
44	Ne8	-3	4	1	3	5	2
44	Ne9	-4	6	2	3	5	2
45	Nt1	3	5	3	7	7	6
45	Po1	0	5	1	5	6	5
45	Po2	0	1	1	1	1	1
45	Po3	0	1	1	1	3	1
45	Po9	4	1	4	1	3	6
45	Ne4	2	5	5	5	5	5
45	Ne6	-2	1	1	1	1	1
45	Ne7	0	1	1	1	2	4
45	Ne8	0	1	1	1	1	1
45	Ne9	-3	1	1	1	1	1
46	Nt1	5	4	6	7	7	7
46	Po1	4	4	4	6	7	5
46	Po2	-2	4	1	1	1	1
46	Po3	-3	4	1	1	1	1
46	Po9	0	4	1	1	1	1
46	Ne4	-3	5	6	3	3	5
46	Ne6	0	4	4	3	3	4
46	Ne7	0	4	4	4	3	2
46	Ne8	-2	3	4	5	5	5
46	Ne9	-3	4	1	1	1	1
47	Nt1	4	1	1	2	1	5
47	Po1	6	6	5	6	7	2
47	Po2	0	4	1	1	4	2
47	Po3	3	3	1	3	3	3
47	Po9	0	1	1	1	1	6
47	Ne4	-4	5	1	1	4	4
47	Ne6	-4	4	1	1	4	2
47	Ne7	-5	4	1	1	5	2
47	Ne8	5	7	1	1	7	7
47	Ne9	-6	5	1	1	2	5
48	Nt1	4	1	1	4	5	4
48	Po1	3	2	1	3	4	6
48	Po2	-3	5	1	4	5	4
48	Po3	5	5	1	5	5	6
48	Po9	4	5	5	4	6	7
48	Ne4	-4	2	6	5	4	4
48	Ne6	-3	3	1	5	5	3
48	Ne7	3	3	1	3	5	4
48	Ne8	-2	5	4	5	5	5
48	Ne9	-2	1	1	1	1	1
49	Nt1	4	1	5	6	6	7
49	Po1	3	5	3	4	3	2
49	Po2	4	6	2	7	7	2
49	Po3	5	6	3	6	7	3
49	Po9	1	3	2	2	4	2
49	Ne4	-5	5	1	1	3	1
49	Ne6	-2	5	1	2	3	1
49	Ne7	-6	6	1	1	4	1
49	Ne8	-1	3	1	1	2	1
49	Ne9	-3	4	1	2	5	1
50	Nt2	0	4	1	1	1	1
50	Po4	0	4	3	3	4	4
50	Po5	4	4	5	3	4	4
50	Po6	0	3	1	1	3	1
50	Po7	6	1	5	6	6	4
50	Po8	5	5	6	3	4	5
50	Ne1	-2	4	6	6	6	4
50	Ne2	-3	4	1	4	4	1
50	Ne3	-2	5	2	4	5	4
50	Ne5	-5	6	5	5	6	1
51	Nt2	-1	5	6	5	7	6
51	Po4	6	1	1	6	6	1
51	Po5	4	1	1	2	1	2
51	Po6	1	2	1	1	1	1
51	Po7	6	1	1	2	2	2
51	Po8	4	2	1	1	2	3
51	Ne1	-6	7	7	5	7	3
51	Ne2	-1	5	7	7	6	7
51	Ne3	-5	6	6	7	6	6
51	Ne5	-4	5	7	7	5	7
52	Nt2	0	1	1	1	2	1
52	Po4	0	2	1	2	3	2
52	Po5	5	4	3	6	7	3
52	Po6	3	2	2	3	4	3
52	Po7	-1	3	3	4	4	3
52	Po8	3	2	3	5	5	3
52	Ne1	-4	4	2	3	4	4
52	Ne2	0	2	1	1	2	1
52	Ne3	-2	3	1	2	2	1
52	Ne5	-3	2	1	1	3	1
53	Nt2	0	4	2	3	2	1
53	Po4	4	2	3	6	6	1
53	Po5	2	4	2	4	4	4
53	Po6	1	4	3	3	4	2
53	Po7	3	4	2	5	5	5
53	Po8	2	4	3	3	4	3
53	Ne1	0	5	5	5	6	4
53	Ne2	-2	4	3	2	3	3
53	Ne3	-1	4	1	1	3	1
53	Ne5	-5	5	5	2	5	5
54	Nt2	-1	2	1	1	1	1
54	Po4	0	3	2	4	4	4
54	Po5	0	3	1	2	3	3
54	Po6	2	4	3	2	5	4
54	Po7	3	4	3	4	5	5
54	Po8	2	5	2	4	5	5
54	Ne1	-2	5	5	2	5	5
54	Ne2	0	4	1	1	1	1
54	Ne3	-2	4	1	1	2	3
54	Ne5	-4	5	5	2	6	4
55	Nt2	2	2	2	2	2	2
55	Po4	6	6	2	6	6	1
55	Po5	4	5	4	5	6	4
55	Po6	6	6	7	7	7	3
55	Po7	5	5	4	5	7	3
55	Po8	5	4	3	5	5	3
55	Ne1	6	7	4	6	7	4
55	Ne2	5	6	5	7	7	1
55	Ne3	4	3	2	4	4	2
55	Ne5	4	7	7	7	7	2
56	Nt2	2	2	1	1	1	1
56	Po4	2	2	1	2	3	1
56	Po5	2	3	2	2	2	2
56	Po6	2	2	1	1	2	1
56	Po7	2	2	1	1	1	1
56	Po8	3	3	1	4	5	1
56	Ne1	2	2	1	3	4	2
56	Ne2	2	2	1	1	3	1
56	Ne3	3	2	1	1	2	1
56	Ne5	0	2	1	2	3	1
57	Nt2	0	3	2	2	3	2
57	Po4	6	5	4	5	5	4
57	Po5	3	4	3	4	2	5
57	Po6	-2	4	2	3	3	5
57	Po7	3	4	3	4	4	5
57	Po8	1	2	4	4	2	5
57	Ne1	-2	4	5	5	5	4
57	Ne2	-1	4	3	5	5	4
57	Ne3	-2	4	3	3	4	3
57	Ne5	-4	5	2	2	4	1
58	Nt2	2	3	1	1	1	1
58	Po4	5	5	5	5	6	3
58	Po5	5	2	3	5	5	5
58	Po6	6	4	5	5	6	5
58	Po7	6	5	6	6	6	5
58	Po8	6	4	2	4	5	5
58	Ne1	-2	6	5	6	6	4
58	Ne2	-1	4	1	1	1	1
58	Ne3	-1	3	4	2	4	2
58	Ne5	-5	4	2	3	4	2
59	Nt2	0	1	1	1	1	1
59	Po4	5	5	5	7	6	2
59	Po5	0	1	1	1	2	5
59	Po6	0	5	7	6	5	4
59	Po7	6	5	1	7	7	5
59	Po8	0	1	1	1	2	5
59	Ne1	-4	3	7	5	6	4
59	Ne2	0	5	7	6	5	2
59	Ne3	0	3	1	1	4	1
59	Ne5	-6	3	6	3	5	1
60	Nt2	0	4	1	1	1	1
60	Po4	0	4	2	2	3	2
60	Po5	3	5	3	4	4	4
60	Po6	1	4	3	3	5	4
60	Po7	3	4	3	4	5	5
60	Po8	0	4	2	3	3	3
60	Ne1	-1	4	1	2	3	2
60	Ne2	-3	5	2	3	3	3
60	Ne3	-2	3	2	3	4	3
60	Ne5	-3	4	2	2	4	2
61	Nt2	-4	1	1	1	1	1
61	Po4	0	4	2	2	4	2
61	Po5	4	5	2	4	5	2
61	Po6	4	4	6	6	6	6
61	Po7	3	5	3	5	5	4
61	Po8	4	4	2	5	5	2
61	Ne1	-2	5	2	3	5	3
61	Ne2	-1	3	2	2	3	2
61	Ne3	-3	5	2	5	4	3
61	Ne5	-3	4	1	1	4	2
62	Nt2	1	4	1	3	4	3
62	Po4	1	5	1	1	5	1
62	Po5	1	5	1	3	5	4
62	Po6	1	4	1	1	2	1
62	Po7	1	3	1	2	4	2
62	Po8	1	5	1	3	4	2
62	Ne1	-2	5	1	3	5	2
62	Ne2	0	4	1	2	2	4
62	Ne3	1	4	1	3	3	3
62	Ne5	0	5	2	5	4	2
63	Nt2	0	1	1	1	1	2
63	Po4	6	3	3	6	5	4
63	Po5	5	2	5	5	5	6
63	Po6	1	2	4	1	2	1
63	Po7	5	5	4	6	6	6
63	Po8	2	2	3	3	2	5
63	Ne1	-4	5	6	5	6	5
63	Ne2	-2	2	1	2	3	1
63	Ne3	-4	4	5	4	5	5
63	Ne5	-6	2	3	1	3	1
64	Nt2	3	4	5	5	5	2
64	Po4	3	5	5	6	5	5
64	Po5	1	4	3	1	2	5
64	Po6	-1	3	6	2	3	4
64	Po7	1	4	4	3	3	6
64	Po8	0	5	4	2	4	6
64	Ne1	3	6	7	6	6	4
64	Ne2	-2	5	6	5	4	6
64	Ne3	3	5	6	6	5	2
64	Ne5	1	5	5	5	5	2
65	Nt2	2	4	1	1	2	1
65	Po4	6	1	7	7	7	4
65	Po5	5	5	1	6	7	2
65	Po6	6	6	5	7	7	6
65	Po7	6	6	5	7	7	7
65	Po8	5	1	2	6	6	2
65	Ne1	-6	6	1	1	1	1
65	Ne2	-2	5	3	7	6	3
65	Ne3	-4	5	2	2	4	4
65	Ne5	-6	6	7	6	7	5
66	Nt2	3	1	2	2	3	3
66	Po4	5	7	2	7	7	6
66	Po5	5	3	3	5	6	5
66	Po6	4	6	2	6	6	6
66	Po7	5	6	2	6	6	7
66	Po8	6	7	2	6	7	6
66	Ne1	-5	6	1	1	5	3
66	Ne2	-3	5	2	2	5	3
66	Ne3	0	2	2	2	2	2
66	Ne5	-3	6	6	7	5	3
67	Nt2	3	2	2	5	5	5
67	Po4	-1	2	1	1	2	1
67	Po5	-1	3	2	3	2	2
67	Po6	2	4	2	5	4	3
67	Po7	0	3	2	4	4	3
67	Po8	-4	5	1	1	1	1
67	Ne1	0	5	1	4	5	2
67	Ne2	-1	2	1	2	2	1
67	Ne3	-1	5	2	6	5	3
67	Ne5	-5	5	1	2	3	1
68	Nt2	4	1	1	4	4	2
68	Po4	6	2	2	2	4	3
68	Po5	6	3	3	4	6	5
68	Po6	5	6	6	6	6	6
68	Po7	6	3	5	7	6	6
68	Po8	6	6	5	7	7	6
68	Ne1	2	6	7	7	6	5
68	Ne2	-1	1	1	1	1	1
68	Ne3	-2	3	2	1	3	2
68	Ne5	0	3	7	7	6	6
69	Nt2	2	5	2	2	5	5
69	Po4	3	5	2	5	6	3
69	Po5	3	3	3	5	6	3
69	Po6	2	4	1	3	5	4
69	Po7	1	5	2	3	3	3
69	Po8	3	5	2	4	6	2
69	Ne1	-4	5	4	2	5	2
69	Ne2	-1	5	6	3	6	7
69	Ne3	-5	5	2	3	5	3
69	Ne5	-4	5	1	2	5	1
70	Nt2	-1	3	1	2	3	2
70	Po4	-1	2	1	3	3	1
70	Po5	-3	3	1	1	2	3
70	Po6	4	2	1	4	5	4
70	Po7	-1	3	3	3	4	4
70	Po8	0	4	1	1	3	4
70	Ne1	-4	5	4	4	5	4
70	Ne2	-3	3	1	3	4	4
70	Ne3	2	2	4	3	3	1
70	Ne5	-3	3	1	2	2	3
71	Nt2	3	2	1	2	4	4
71	Po4	0	1	1	1	2	1
71	Po5	1	1	1	1	1	3
71	Po6	1	1	1	1	1	1
71	Po7	1	2	1	1	2	1
71	Po8	0	2	1	1	1	1
71	Ne1	4	5	6	6	6	5
71	Ne2	-2	3	1	1	2	1
71	Ne3	0	2	1	1	1	1
71	Ne5	-2	3	1	1	2	1
72	Nt2	2	5	5	6	6	4
72	Po4	6	2	4	6	6	1
72	Po5	4	3	1	2	5	2
72	Po6	2	3	2	2	6	2
72	Po7	4	5	1	3	5	3
72	Po8	6	4	5	6	6	4
72	Ne1	-6	4	1	1	5	1
72	Ne2	-4	5	1	1	2	1
72	Ne3	-6	3	4	2	5	4
72	Ne5	-6	4	5	1	5	2
73	Nt2	0	4	2	2	2	2
73	Po4	3	5	1	3	5	2
73	Po5	2	4	2	2	2	2
73	Po6	0	4	3	2	5	2
73	Po7	4	4	3	5	6	2
73	Po8	1	4	5	3	4	3
73	Ne1	0	6	6	6	5	4
73	Ne2	-3	4	2	2	2	3
73	Ne3	0	4	2	2	2	2
73	Ne5	-6	3	6	2	5	2
74	Nt2	0	1	1	1	1	1
74	Po4	6	4	2	4	4	3
74	Po5	6	2	3	3	3	3
74	Po6	0	4	1	1	1	1
74	Po7	4	2	3	3	3	3
74	Po8	4	2	2	1	2	4
74	Ne1	-6	6	1	1	2	1
74	Ne2	-1	2	1	1	1	1
74	Ne3	-4	4	1	1	2	1
74	Ne5	-4	4	2	2	4	2
75	Nt2	0	4	1	1	3	1
75	Po4	3	1	1	4	3	2
75	Po5	4	5	1	1	2	2
75	Po6	1	4	5	3	5	4
75	Po7	5	6	2	4	5	3
75	Po8	4	1	1	1	3	1
75	Ne1	-2	5	1	1	2	2
75	Ne2	-1	4	1	1	2	4
75	Ne3	0	4	1	1	3	2
75	Ne5	-6	5	5	5	6	5
76	Nt2	0	4	2	1	2	1
76	Po4	6	7	2	7	7	7
76	Po5	6	6	2	7	7	7
76	Po6	-2	5	3	6	6	6
76	Po7	5	7	2	7	7	7
76	Po8	2	7	2	7	7	7
76	Ne1	-5	4	2	5	5	4
76	Ne2	-2	4	2	2	3	2
76	Ne3	-4	4	2	3	5	3
76	Ne5	-6	4	2	7	7	2
77	Nt2	0	2	1	1	1	1
77	Po4	0	2	1	1	1	1
77	Po5	0	2	1	1	1	1
77	Po6	0	3	1	1	1	1
77	Po7	-2	2	1	1	1	1
77	Po8	0	2	1	1	1	1
77	Ne1	-4	4	5	5	5	5
77	Ne2	0	3	1	2	2	2
77	Ne3	-2	4	2	2	4	3
77	Ne5	-4	4	4	5	5	2
78	Nt2	0	1	1	1	1	1
78	Po4	4	5	4	6	5	5
78	Po5	4	5	2	2	5	5
78	Po6	3	2	5	6	4	1
78	Po7	-1	2	1	1	3	2
78	Po8	5	6	7	7	6	6
78	Ne1	-6	7	7	5	5	6
78	Ne2	-4	1	1	1	2	2
78	Ne3	-3	1	2	2	3	1
78	Ne5	-5	6	7	7	6	3
79	Nt2	-1	5	1	1	1	1
79	Po4	5	5	1	5	6	1
79	Po5	0	4	1	1	2	1
79	Po6	2	4	1	3	5	1
79	Po7	2	4	1	1	1	1
79	Po8	2	4	2	2	3	2
79	Ne1	-4	5	6	1	5	3
79	Ne2	-1	4	1	3	3	1
79	Ne3	-2	5	1	3	4	2
79	Ne5	-6	5	4	3	5	5
80	Nt2	-4	4	1	1	1	2
80	Po4	-6	4	1	1	1	1
80	Po5	-6	4	1	1	1	1
80	Po6	-4	4	1	1	2	1
80	Po7	-4	4	1	1	1	1
80	Po8	-6	4	1	1	1	1
80	Ne1	-2	4	1	2	2	2
80	Ne2	-6	4	1	1	1	1
80	Ne3	-5	4	1	1	2	2
80	Ne5	-6	4	1	1	2	2
81	Nt2	0	4	1	1	2	1
81	Po4	6	2	4	7	6	4
81	Po5	5	2	5	5	5	3
81	Po6	4	4	5	4	5	3
81	Po7	5	5	5	5	6	6
81	Po8	6	2	6	5	5	5
81	Ne1	0	7	6	7	7	5
81	Ne2	-1	6	5	6	6	6
81	Ne3	0	6	5	6	6	2
81	Ne5	-5	5	5	6	6	3
82	Nt2	0	2	1	2	4	3
82	Po4	3	2	2	6	5	4
82	Po5	2	3	1	1	3	1
82	Po6	2	1	1	2	3	3
82	Po7	4	3	2	3	3	4
82	Po8	3	1	3	4	4	3
82	Ne1	-4	4	3	1	4	3
82	Ne2	-1	1	2	2	2	3
82	Ne3	-2	2	1	1	2	2
82	Ne5	-4	3	1	4	3	2
83	Nt2	0	4	6	6	6	5
83	Po4	6	5	6	6	6	4
83	Po5	0	2	2	2	2	2
83	Po6	0	4	5	5	5	5
83	Po7	4	1	2	3	5	5
83	Po8	0	2	2	2	2	2
83	Ne1	-2	4	2	2	3	4
83	Ne2	-1	2	1	1	2	1
83	Ne3	-4	4	2	2	4	2
83	Ne5	0	2	1	1	2	1
84	Nt2	4	2	2	4	2	2
84	Po4	4	4	4	5	5	5
84	Po5	3	3	1	2	3	3
84	Po6	3	4	4	5	5	2
84	Po7	3	4	2	3	4	2
84	Po8	3	4	1	5	5	4
84	Ne1	-2	4	2	2	5	2
84	Ne2	2	3	1	5	5	1
84	Ne3	-2	4	2	2	3	2
84	Ne5	-3	4	4	5	4	1
85	Nt2	0	2	1	1	2	1
85	Po4	6	5	2	3	5	3
85	Po5	4	5	1	3	5	5
85	Po6	4	4	3	4	5	6
85	Po7	4	5	2	5	5	6
85	Po8	2	2	1	1	3	3
85	Ne1	3	6	4	5	6	5
85	Ne2	-4	2	1	1	1	1
85	Ne3	-4	4	1	2	3	3
85	Ne5	-5	6	5	6	6	5
86	Nt2	2	7	2	6	6	1
86	Po4	6	1	4	7	4	2
86	Po5	3	4	1	3	5	6
86	Po6	6	5	7	7	7	7
86	Po7	6	1	6	7	6	6
86	Po8	6	5	5	7	7	5
86	Ne1	-4	6	4	4	5	6
86	Ne2	-4	4	1	1	1	1
86	Ne3	-3	4	1	1	3	1
86	Ne5	-4	4	1	1	6	1
87	Nt2	0	3	1	2	2	2
87	Po4	2	2	1	1	1	1
87	Po5	4	2	1	1	1	1
87	Po6	3	2	1	1	2	1
87	Po7	0	3	1	2	2	2
87	Po8	3	2	1	1	2	1
87	Ne1	-4	5	2	3	5	4
87	Ne2	-4	3	1	1	2	2
87	Ne3	-4	4	1	2	4	3
87	Ne5	-4	3	1	1	4	1
88	Nt2	0	4	1	1	1	1
88	Po4	0	4	1	1	1	1
88	Po5	0	4	1	1	1	1
88	Po6	0	4	1	1	1	1
88	Po7	0	4	1	1	1	1
88	Po8	0	4	1	1	1	1
88	Ne1	0	4	3	3	2	2
88	Ne2	0	4	2	3	3	2
88	Ne3	0	4	1	1	1	1
88	Ne5	-2	4	2	2	2	1
89	Nt2	-2	4	1	1	1	1
89	Po4	3	2	1	1	5	1
89	Po5	3	3	1	1	2	4
89	Po6	-1	4	1	1	5	2
89	Po7	3	4	1	5	6	5
89	Po8	1	3	1	1	2	1
89	Ne1	-2	4	1	1	1	1
89	Ne2	-2	4	1	1	2	1
89	Ne3	-3	4	1	1	2	2
89	Ne5	-4	4	1	1	2	1
90	Nt2	3	1	1	1	2	2
90	Po4	5	1	1	3	4	2
90	Po5	4	1	2	2	2	2
90	Po6	4	1	2	2	4	3
90	Po7	6	1	2	2	4	2
90	Po8	4	4	3	2	3	4
90	Ne1	-6	4	1	1	2	4
90	Ne2	0	1	1	1	3	1
90	Ne3	0	4	1	1	1	1
90	Ne5	-6	6	6	5	6	7
91	Nt2	3	6	2	5	6	2
91	Po4	5	2	2	5	5	3
91	Po5	0	4	1	1	2	2
91	Po6	3	4	4	4	5	4
91	Po7	1	4	1	1	3	2
91	Po8	-2	3	1	1	1	2
91	Ne1	-4	5	1	1	4	2
91	Ne2	-1	3	5	4	5	4
91	Ne3	-4	5	2	1	2	1
91	Ne5	-4	2	2	4	5	2
